[[-411.127,-16.724,-1413.833,-0.811,0,-0.585,0,1,0,0.585,0,-0.811,0,0,0,8,0],[918.135,-16.724,-1128.949,-0.738,0,0.675,0,1,0,-0.675,0,-0.738,0,0,0,"S","J"],[917.978,-16.724,-1128.916,-0.965,0,-0.263,0,1,0,0.263,0,-0.965,-12.598,0,2.66,"S","J"],[917.789,-16.724,-1128.876,-0.974,0,-0.227,0,1,0,0.227,0,-0.974,-15.494,0,3.272,"S","J"],[917.464,-16.724,-1128.806,-0.977,0,-0.215,0,1,0,0.215,0,-0.977,-15.638,0,3.376,"S","J"],[917.268,-16.724,-1128.764,-0.976,0,-0.216,0,1,0,0.216,0,-0.976,-15.639,0,3.377,"S","J"],["s","v","S","J"],[916.945,-16.724,-1128.684,-0.971,0,-0.238,0,1,0,0.238,0,-0.971,-15.525,0,3.868,"S","J"],[916.685,-16.724,-1128.621,-0.971,0,-0.238,0,1,0,0.238,0,-0.971,-15.541,0,3.803,"S","J"],[916.491,-16.724,-1128.573,-0.973,0,-0.229,0,1,0,0.229,0,-0.973,-15.542,0,3.802,"S","J"],[916.232,-16.724,-1128.512,-0.975,0,-0.224,0,1,0,0.224,0,-0.975,-15.575,0,3.663,"S","J"],[915.972,-16.724,-1128.452,-0.976,0,-0.22,0,1,0,0.22,0,-0.976,-15.592,0,3.591,"S","J"],[915.712,-16.724,-1128.393,-0.977,0,-0.211,0,1,0,0.211,0,-0.977,-15.608,0,3.52,"S","J"],[915.451,-16.724,-1128.336,-0.978,0,-0.207,0,1,0,0.207,0,-0.978,-15.639,0,3.38,"S","J"],[915.19,-16.724,-1128.281,-0.979,0,-0.202,0,1,0,0.202,0,-0.979,-15.654,0,3.308,"S","J"],[914.929,-16.724,-1128.227,-0.979,0,-0.202,0,1,0,0.202,0,-0.979,-15.669,0,3.236,"S","J"],[914.668,-16.724,-1128.173,-0.979,0,-0.202,0,1,0,0.202,0,-0.979,-15.67,0,3.235,"S","J"],[914.407,-16.724,-1128.12,-0.979,0,-0.202,0,1,0,0.202,0,-0.979,-15.67,0,3.235,"S","J"],[914.146,-16.724,-1128.066,-0.979,0,-0.202,0,1,0,0.202,0,-0.979,-15.67,0,3.235,"S","J"],[913.884,-16.724,-1128.012,-0.979,0,-0.202,0,1,0,0.202,0,-0.979,"v","S","J"],[913.623,-16.724,-1127.958,-0.979,0,-0.202,0,1,0,0.202,0,-0.979,"v","S","J"],[913.362,-16.724,-1127.905,-0.979,0,-0.202,0,1,0,0.202,0,-0.979,"v","S","J"],[913.101,-16.724,-1127.851,-0.979,0,-0.202,0,1,0,0.202,0,-0.979,"v","S","J"],[912.839,-16.724,-1127.797,-0.979,0,-0.202,0,1,0,0.202,0,-0.979,"v","S","J"],[912.578,-16.724,-1127.744,-0.978,0,-0.207,0,1,0,0.207,0,-0.978,"v","S","J"],[912.317,-16.724,-1127.689,-0.977,0,-0.215,0,1,0,0.215,0,-0.977,-15.655,0,3.305,"S","J"],[912.057,-16.724,-1127.631,-0.975,0,-0.224,0,1,0,0.224,0,-0.975,-15.625,0,3.445,"S","J"],[911.797,-16.724,-1127.572,-0.972,0,-0.233,0,1,0,0.233,0,-0.972,-15.593,0,3.587,"S","J"],[911.537,-16.724,-1127.51,-0.968,0,-0.251,0,1,0,0.251,0,-0.968,-15.56,0,3.728,"S","J"],[911.279,-16.724,-1127.444,-0.961,0,-0.277,0,1,0,0.277,0,-0.961,-15.49,0,4.007,"S","J"],["s","v","S","J"],[911.021,-16.724,-1127.378,-0.978,0,-0.206,0,1,0,0.206,0,-0.978,-15.506,0,3.944,"S","J"],[910.762,-16.724,-1127.312,-0.971,0,-0.237,0,1,0,0.237,0,-0.971,-15.507,0,3.942,"S","J"],[910.503,-16.724,-1127.247,-0.969,0,-0.246,0,1,0,0.246,0,-0.969,-15.524,0,3.873,"S","J"],[910.245,-16.724,-1127.182,-0.967,0,-0.255,0,1,0,0.255,0,-0.967,-15.507,0,3.941,"S","J"],[909.987,-16.724,-1127.114,-0.963,0,-0.268,0,1,0,0.268,0,-0.963,-15.471,0,4.08,"S","J"],[909.73,-16.724,-1127.043,-0.957,0,-0.29,0,1,0,0.29,0,-0.957,-15.414,0,4.289,"S","J"],[909.474,-16.724,-1126.967,-0.947,0,-0.32,0,1,0,0.32,0,-0.947,-15.314,0,4.635,"S","J"],[909.221,-16.724,-1126.882,-0.94,0,-0.342,0,1,0,0.342,0,-0.94,-15.16,0,5.116,"S","J"],[908.971,-16.724,-1126.792,-0.923,0,-0.384,0,1,0,0.384,0,-0.923,-15.039,0,5.461,"S",1],[908.72,-15.851,-1126.701,-0.903,0,-0.43,0,1,0,0.43,0,-0.903,-15.039,51.365,5.461,3,"J"],[908.477,-15.029,-1126.592,-0.922,0,-0.387,0,1,0,0.387,0,-0.922,-14.467,48.095,6.829,5,"J"],[908.24,-14.262,-1126.469,-0.919,0,-0.395,0,1,0,0.395,0,-0.919,-14.128,44.825,7.509,"S","J"],[908.01,-13.549,-1126.334,-0.902,0,-0.433,0,1,0,0.433,0,-0.902,-13.773,41.555,8.143,"S","J"],[907.786,-12.89,-1126.19,-0.883,0,-0.469,0,1,0,0.469,0,-0.883,-13.389,38.285,8.759,"S","J"],[907.568,-12.286,-1126.036,-0.854,0,-0.52,0,1,0,0.52,0,-0.854,-13.02,35.015,9.3,"S","J"],[907.36,-11.737,-1125.87,-0.83,0,-0.558,0,1,0,0.558,0,-0.83,-12.452,31.745,10.046,"S","J"],[907.159,-11.242,-1125.695,-0.809,0,-0.588,0,1,0,0.588,0,-0.809,-11.981,28.475,10.604,"S","J"],[906.965,-10.801,-1125.512,-0.79,0,-0.613,0,1,0,0.613,0,-0.79,-11.586,25.205,11.034,"S","J"],[906.777,-10.415,-1125.322,-0.773,0,-0.635,0,1,0,0.635,0,-0.773,-11.229,21.935,11.398,"S","J"],[906.594,-10.084,-1125.128,-0.749,0,-0.662,0,1,0,0.662,0,-0.749,-10.913,18.665,11.7,"S","J"],[906.419,-9.807,-1124.927,-0.715,0,-0.699,0,1,0,0.699,0,-0.715,-10.484,15.395,12.087,"S","J"],[906.253,-9.584,-1124.718,-0.663,0,-0.749,0,1,0,0.749,0,-0.663,-9.871,12.125,12.592,"S","J"],[906.101,-9.416,-1124.499,-0.607,0,-0.795,0,1,0,0.795,0,-0.607,-8.943,8.855,13.266,"S","J"],[905.858,-9.244,-1124.042,-0.101,0,-0.995,0,1,0,0.995,0,-0.101,-5.596,2.315,13.556,"S",0],[905.789,-9.239,-1123.822,0.124,0,-0.992,0,1,0,0.992,0,0.124,-3.279,-0.955,12.999,"S","J"],[905.757,-9.289,-1123.614,0.318,0,-0.948,0,1,0,0.948,0,0.318,-1.071,-4.225,12.102,"S","J"],[905.762,-9.394,-1123.422,0.349,0,-0.937,0,1,0,0.937,0,0.349,1.117,-7.495,11.157,"S","J"],[905.803,-9.552,-1123.247,0.407,0,-0.913,0,1,0,0.913,0,0.407,3.264,-10.765,10.122,"S","J"],[905.879,-9.766,-1123.091,0.481,0,-0.877,0,1,0,0.877,0,0.481,5.327,-14.035,8.929,"S","J"],[905.988,-10.034,-1122.956,0.539,0,-0.842,0,1,0,0.842,0,0.539,7.312,-17.305,7.61,"S","J"],[906.13,-10.356,-1122.844,0.592,0,-0.806,0,1,0,0.806,0,0.592,9.189,-20.575,6.141,"S","J"],[906.287,-10.733,-1122.766,0.652,0,-0.758,0,1,0,0.758,0,0.652,9.604,-23.845,3.794,"S","J"],["s","v",12,1],[905.786,-10.292,-1122.134,0.652,0,-0.758,0,1,0,0.758,0,0.652,-30.095,25.264,37.964,3,"J"],[905.299,-9.905,-1121.52,0.652,0,-0.758,0,1,0,0.758,0,0.652,-28.614,21.994,36.096,5,"J"],[904.838,-9.572,-1120.938,0.652,0,-0.758,0,1,0,0.758,0,0.652,-27.134,18.724,34.229,"S","J"],[904.401,-9.294,-1120.387,0.652,0,-0.758,0,1,0,0.758,0,0.652,-25.653,15.454,32.361,"S","J"],[903.989,-9.071,-1119.867,0.652,0,-0.758,0,1,0,0.758,0,0.652,-24.173,12.184,30.493,"S","J"],[903.602,-8.902,-1119.378,0.652,0,-0.758,0,1,0,0.758,0,0.652,-22.692,8.914,28.626,"S",0],[902.893,-8.727,-1118.498,-0.932,0,0.362,0,1,0,-0.362,0,-0.932,-20.416,2.374,24.511,"S",1],[902.565,-8.722,-1118.112,-0.978,0,0.207,0,1,0,-0.207,0,-0.978,-19.297,-0.896,22.407,"S","J"],["s","v","S",0],[902.25,-8.771,-1117.762,-0.963,0,-0.271,0,1,0,0.271,0,-0.963,-18.688,-4.166,20.103,"S","J"],[901.945,-8.874,-1117.451,-0.958,0,-0.285,0,1,0,0.285,0,-0.958,-18.037,-7.436,17.81,"S","J"],[901.651,-9.032,-1117.178,-0.948,0,-0.319,0,1,0,0.319,0,-0.948,-17.342,-10.706,15.53,"S","J"],["s","v","S","J"],[901.377,-9.245,-1116.939,-0.868,0,-0.497,0,1,0,0.497,0,-0.868,-15.945,-13.976,13.599,"S","J"],[901.127,-9.512,-1116.732,-0.854,0,-0.52,0,1,0,0.52,0,-0.854,-14.418,-17.246,11.769,"S","J"],[900.906,-9.833,-1116.552,-0.847,0,-0.532,0,1,0,0.532,0,-0.847,-12.675,-20.516,10.264,"S","J"],["s","v","S","J"],[900.685,-10.209,-1116.399,-0.904,0,-0.428,0,1,0,0.428,0,-0.904,-13.389,-23.786,8.778,"S","J"],[900.462,-10.64,-1116.254,-0.904,0,-0.428,0,1,0,0.428,0,-0.904,-13.42,-27.056,8.712,"S","J"],[900.259,-11.125,-1116.122,-0.705,0,-0.71,0,1,0,0.71,0,-0.705,-11.421,-30.326,7.414,"S","J"],[900.089,-11.664,-1116.012,-0.742,0,-0.67,0,1,0,0.67,0,-0.742,-9.422,-33.596,6.117,"S","J"],[899.953,-12.258,-1115.924,-0.711,0,-0.703,0,1,0,0.703,0,-0.711,-7.423,-36.866,4.819,"S","J"],[899.853,-12.907,-1115.835,-0.701,0,-0.713,0,1,0,0.713,0,-0.701,-5.167,-40.136,5.586,"S","J"],[899.778,-13.61,-1115.72,-0.742,0,-0.67,0,1,0,0.67,0,-0.742,-4.063,-43.406,7.698,"S","J"],[899.723,-14.367,-1115.57,-0.749,0,-0.663,0,1,0,0.663,0,-0.749,-2.887,-46.676,9.772,"S","J"],[899.688,-15.179,-1115.386,-0.73,0,-0.684,0,1,0,0.684,0,-0.73,-1.586,-49.946,11.768,"S",1],[899.662,-14.306,-1115.19,-0.727,0,-0.687,0,1,0,0.687,0,-0.727,-1.586,51.365,11.768,3,0],[899.545,-13.484,-1115.004,-0.668,0,-0.744,0,1,0,0.744,0,-0.668,-8.904,48.095,10.936,8,"J"],[899.217,-12.481,-1114.975,-0.652,0,-0.758,0,1,0,0.758,0,-0.652,-19.69,58.983,1.765,3,"J"],["s","v",12,1],[898.889,-11.532,-1114.945,-0.512,0,-0.859,0,1,0,0.859,0,-0.512,-19.69,55.713,1.765,3,"J"],[898.578,-10.637,-1114.898,-0.582,0,-0.813,0,1,0,0.813,0,-0.582,-18.037,52.443,3.482,5,"J"],[898.294,-9.797,-1114.822,-0.607,0,-0.795,0,1,0,0.795,0,-0.607,-16.382,49.173,5.197,"S","J"],["s","v","S","J"],[898.037,-9.012,-1114.717,-0.77,0,-0.638,0,1,0,0.638,0,-0.77,-14.848,45.903,7.021,"S","J"],[897.806,-8.281,-1114.581,-0.77,0,-0.638,0,1,0,0.638,0,-0.77,-13.311,42.633,8.843,"S","J"],[897.6,-7.604,-1114.414,-0.764,0,-0.645,0,1,0,0.645,0,-0.764,-11.774,39.363,10.664,"S","J"],[897.417,-6.982,-1114.222,-0.761,0,-0.649,0,1,0,0.649,0,-0.761,-10.781,36.093,11.813,"S","J"],[897.238,-6.415,-1114.024,-0.758,0,-0.652,0,1,0,0.652,0,-0.758,-10.694,32.823,11.901,"S","J"],["s","v","S",0],[897.047,-5.782,-1113.756,-0.526,0,-0.851,0,1,0,0.851,0,-0.526,-8.17,28.735,13.482,"S","J"],[896.958,-5.443,-1113.579,-0.468,0,-0.884,0,1,0,0.884,0,-0.468,-6.655,26.283,14.431,"S","J"],[896.856,-5.039,-1113.333,-0.497,0,-0.868,0,1,0,0.868,0,-0.497,-6.051,23.013,14.809,"S","J"],[896.755,-4.69,-1113.086,-0.497,0,-0.868,0,1,0,0.868,0,-0.497,-6.039,19.743,14.816,"S","J"],[896.654,-4.395,-1112.839,-0.497,0,-0.868,0,1,0,0.868,0,-0.497,-6.039,16.473,14.817,"S","J"],[896.529,-4.103,-1112.53,-0.522,0,-0.853,0,1,0,0.853,0,-0.522,-6.039,12.385,14.817,"S","J"],[896.454,-3.968,-1112.345,-0.448,0,-0.894,0,1,0,0.894,0,-0.448,-5.975,9.933,14.842,"S","J"],[896.358,-3.837,-1112.096,-0.473,0,-0.881,0,1,0,0.881,0,-0.473,-5.707,6.663,14.948,"S","J"],[896.241,-3.749,-1111.784,-0.502,0,-0.865,0,1,0,0.865,0,-0.502,-5.634,2.575,14.975,"S","J"],[896.147,-3.74,-1111.535,-0.473,0,-0.881,0,1,0,0.881,0,-0.473,-5.633,-0.695,14.975,"S","J"],[896.063,-3.786,-1111.281,-0.425,0,-0.905,0,1,0,0.905,0,-0.425,-4.894,-3.965,15.233,"S","J"],[895.983,-3.886,-1111.027,-0.425,0,-0.905,0,1,0,0.905,0,-0.425,-4.812,-7.235,15.259,"S","J"],[895.903,-4.041,-1110.772,-0.421,0,-0.907,0,1,0,0.907,0,-0.421,-4.81,-10.505,15.26,"S","J"],[895.824,-4.25,-1110.518,-0.421,0,-0.907,0,1,0,0.907,0,-0.421,-4.742,-13.775,15.281,"S","J"],[895.745,-4.514,-1110.263,-0.416,0,-0.909,0,1,0,0.909,0,-0.416,-4.741,-17.045,15.282,"S","J"],["s","v","S","J"],[895.645,-4.832,-1110.016,-0.466,0,-0.885,0,1,0,0.885,0,-0.466,-6.472,-20.315,14.626,"S","J"],["s","v","S","J"],[895.526,-5.204,-1109.777,-0.566,0,-0.824,0,1,0,0.824,0,-0.566,-7.213,-23.585,14.281,"S","J"],[895.406,-5.632,-1109.539,-0.566,0,-0.824,0,1,0,0.824,0,-0.566,-7.227,-26.855,14.275,"S","J"],["s","v","S","J"],[895.297,-6.113,-1109.296,-0.465,0,-0.885,0,1,0,0.885,0,-0.465,-6.456,-30.125,14.639,"S","J"],[895.194,-6.649,-1109.05,-0.473,0,-0.881,0,1,0,0.881,0,-0.473,-6.113,-33.395,14.786,"S","J"],[895.098,-7.24,-1108.801,-0.449,0,-0.894,0,1,0,0.894,0,-0.449,-5.709,-36.665,14.947,"S","J"],[895.01,-7.885,-1108.55,-0.433,0,-0.901,0,1,0,0.901,0,-0.433,-5.233,-39.935,15.12,"S","J"],[894.927,-8.585,-1108.297,-0.408,0,-0.913,0,1,0,0.913,0,-0.408,-4.954,-43.205,15.214,"S","J"],[894.85,-9.339,-1108.041,-0.371,0,-0.929,0,1,0,0.929,0,-0.371,-4.541,-46.475,15.342,"S","J"],[894.784,-10.148,-1107.783,-0.337,0,-0.942,0,1,0,0.942,0,-0.337,-3.915,-49.745,15.513,"S","J"],[894.726,-11.011,-1107.522,-0.332,0,-0.943,0,1,0,0.943,0,-0.332,-3.348,-53.015,15.646,"S","J"],[894.672,-11.928,-1107.261,-0.332,0,-0.943,0,1,0,0.943,0,-0.332,-3.267,-56.285,15.663,"S","J"],[894.617,-12.9,-1107,-0.332,0,-0.943,0,1,0,0.943,0,-0.332,-3.265,-59.555,15.663,"S",1],[894.54,-13.927,-1106.749,-0.69,0,-0.724,0,1,0,0.724,0,-0.69,-5.445,-62.825,14.699,"S","J"],[894.427,-15.008,-1106.514,-0.69,0,-0.724,0,1,0,0.724,0,-0.69,-7.624,-66.095,13.735,"S","J"],[894.275,-15.17,-1106.297,-0.615,0,-0.788,0,1,0,0.788,0,-0.615,-9.359,-1.307,12.967,7,"J"],[894.118,-15.173,-1106.081,-0.589,0,-0.808,0,1,0,0.808,0,-0.589,-9.394,-0.026,12.952,"S","J"],[893.962,-15.274,-1105.865,-0.587,0,-0.809,0,1,0,0.809,0,-0.587,-9.394,-7.703,12.952,8,"J"],[893.805,-14.277,-1105.649,-0.587,0,-0.809,0,1,0,0.809,0,-0.587,-9.394,58.785,12.952,3,"J"],[893.649,-13.332,-1105.433,-0.656,0,-0.755,0,1,0,0.755,0,-0.656,-9.394,55.515,12.952,5,"J"],[893.493,-12.44,-1105.217,-0.683,0,-0.731,0,1,0,0.731,0,-0.683,-9.337,52.245,12.993,"S","J"],[893.35,-11.604,-1104.992,-0.635,0,-0.773,0,1,0,0.773,0,-0.635,-8.452,48.975,13.585,"S","J"],[893.209,-10.821,-1104.765,-0.635,0,-0.772,0,1,0,0.772,0,-0.635,-8.431,45.705,13.599,"S","J"],[893.069,-10.094,-1104.539,-0.635,0,-0.772,0,1,0,0.772,0,-0.635,-8.43,42.435,13.599,"S","J"],[892.928,-9.421,-1104.312,-0.635,0,-0.772,0,1,0,0.772,0,-0.635,-8.43,39.165,13.599,"S","J"],[892.788,-8.802,-1104.086,-0.635,0,-0.772,0,1,0,0.772,0,-0.635,-8.43,35.895,13.599,"S","J"],[892.648,-8.238,-1103.859,-0.635,0,-0.772,0,1,0,0.772,0,-0.635,-8.43,32.625,13.599,"S","J"],[892.507,-7.728,-1103.632,-0.635,0,-0.772,0,1,0,0.772,0,-0.635,-8.43,29.355,13.599,"S","J"],[892.367,-7.273,-1103.406,-0.642,0,-0.767,0,1,0,0.767,0,-0.642,-8.43,26.085,13.599,"S","J"],[892.224,-6.872,-1103.18,-0.646,0,-0.764,0,1,0,0.764,0,-0.646,-8.551,22.815,13.523,"S","J"],[892.081,-6.526,-1102.955,-0.649,0,-0.761,0,1,0,0.761,0,-0.649,-8.613,19.545,13.484,"S","J"],[891.937,-6.234,-1102.731,-0.653,0,-0.758,0,1,0,0.758,0,-0.653,-8.674,16.275,13.445,"S","J"],[891.791,-5.997,-1102.508,-0.656,0,-0.755,0,1,0,0.755,0,-0.656,-8.735,13.005,13.405,"S","J"],[891.645,-5.814,-1102.285,-0.659,0,-0.752,0,1,0,0.752,0,-0.659,-8.796,9.735,13.365,"S","J"],[891.497,-5.686,-1102.063,-0.663,0,-0.749,0,1,0,0.749,0,-0.663,-8.857,6.465,13.325,"S","J"],[891.349,-5.613,-1101.841,-0.663,0,-0.749,0,1,0,0.749,0,-0.663,-8.917,3.195,13.285,"S","J"],[891.2,-5.593,-1101.62,-0.666,0,-0.746,0,1,0,0.746,0,-0.666,-8.918,-0.075,13.284,"S","J"],[891.032,-5.629,-1101.414,-0.784,0,-0.62,0,1,0,0.62,0,-0.784,-10.772,-3.345,11.786,"S","J"],[890.848,-5.718,-1101.222,-0.784,0,-0.62,0,1,0,0.62,0,-0.784,-11.111,-6.615,11.512,"S","J"],[890.662,-5.863,-1101.03,-0.784,0,-0.62,0,1,0,0.62,0,-0.784,-11.117,-9.885,11.507,"S",0],[890.477,-6.062,-1100.838,-0.784,0,-0.62,0,1,0,0.62,0,-0.784,-11.118,-13.155,11.506,"S","J"],[890.292,-6.315,-1100.646,-0.784,0,-0.62,0,1,0,0.62,0,-0.784,-11.118,-16.425,11.506,"S","J"],[890.107,-6.623,-1100.454,-0.784,0,-0.62,0,1,0,0.62,0,-0.784,-11.118,-19.695,11.506,"S","J"],[889.921,-6.985,-1100.262,-0.784,0,-0.62,0,1,0,0.62,0,-0.784,-11.118,-22.965,11.506,"S","J"],[889.736,-7.402,-1100.07,-0.784,0,-0.62,0,1,0,0.62,0,-0.784,-11.118,-26.235,11.506,"S","J"],[889.551,-7.873,-1099.879,-0.784,0,-0.62,0,1,0,0.62,0,-0.784,-11.118,-29.505,11.506,"S","J"],[889.365,-8.399,-1099.687,-0.784,0,-0.62,0,1,0,0.62,0,-0.784,-11.118,-32.775,11.506,"S","J"],["s","v","S","J"],[889.2,-8.979,-1099.48,-0.545,0.001,-0.839,0,1,0.001,0.839,0,-0.545,-9.237,-36.045,12.905,"S","J"],[889.065,-9.614,-1099.252,-0.573,0,-0.819,0,1,0,0.819,0,-0.573,-7.601,-39.315,14.065,"S","J"],[888.941,-10.303,-1099.016,-0.573,0,-0.819,0,1,0,0.819,0,-0.573,-7.428,-42.585,14.173,"S","J"],[888.818,-11.047,-1098.779,-0.574,0,-0.819,0,1,0,0.819,0,-0.574,-7.359,-45.855,14.208,"S","J"],[888.695,-11.846,-1098.542,-0.57,0,-0.822,0,1,0,0.822,0,-0.57,-7.357,-49.125,14.208,"S","J"],["s","v","S",1],[888.553,-12.698,-1098.321,-0.854,0,-0.52,0,1,0,0.52,0,-0.854,-9.204,-52.395,12.702,"S","J"],[888.381,-13.606,-1098.125,-0.854,0,-0.52,0,1,0,0.52,0,-0.854,-11.051,-55.665,11.195,"S","J"],[888.18,-14.567,-1097.952,-0.854,0,-0.52,0,1,0,0.52,0,-0.854,-12.375,-58.935,10.115,"S","J"],[887.995,-14.712,-1097.802,-0.799,0,-0.601,0,1,0,0.601,0,-0.799,-10.935,-1.165,8.846,7,"J"],[887.799,-14.715,-1097.643,-0.773,0,-0.634,0,1,0,0.634,0,-0.773,-11.897,-0.023,9.622,"S","J"],[887.614,-14.715,-1097.491,-0.769,0,-0.639,0,1,0,0.639,0,-0.769,-10.986,0,9.048,8,"J"],[887.431,-13.852,-1097.34,-0.769,0,-0.639,0,1,0,0.639,0,-0.769,-10.986,50.547,9.048,3,"J"],[887.232,-13.044,-1097.176,-0.822,0,-0.57,0,1,0,0.57,0,-0.822,-12.242,47.277,10.176,5,"J"],[887.028,-12.29,-1097.004,-0.842,0,-0.539,0,1,0,0.539,0,-0.842,-12.256,44.007,10.283,"S","J"],[886.819,-11.59,-1096.838,-0.859,0,-0.513,0,1,0,0.513,0,-0.859,-12.57,40.737,9.899,"S","J"],[886.61,-10.945,-1096.673,-0.857,0,-0.516,0,1,0,0.516,0,-0.857,-12.532,37.467,9.947,"S","J"],[886.402,-10.355,-1096.506,-0.854,0,-0.52,0,1,0,0.52,0,-0.854,-12.487,34.197,10.004,"S","J"],[886.194,-9.819,-1096.339,-0.852,0,-0.524,0,1,0,0.524,0,-0.852,-12.441,30.927,10.06,"S","J"],[885.987,-9.338,-1096.17,-0.849,0,-0.528,0,1,0,0.528,0,-0.849,-12.396,27.657,10.117,"S","J"],[885.782,-8.911,-1096.001,-0.847,0,-0.532,0,1,0,0.532,0,-0.847,-12.35,24.387,10.173,"S","J"],[885.576,-8.538,-1095.831,-0.845,0,-0.535,0,1,0,0.535,0,-0.845,-12.303,21.117,10.229,"S","J"],[885.372,-8.22,-1095.659,-0.842,0,-0.539,0,1,0,0.539,0,-0.842,-12.257,17.847,10.285,"S","J"],[885.168,-7.957,-1095.487,-0.837,0,-0.547,0,1,0,0.547,0,-0.837,-12.21,14.577,10.34,"S","J"],[884.966,-7.748,-1095.313,-0.832,0,-0.554,0,1,0,0.554,0,-0.832,-12.117,11.307,10.449,"S","J"],[884.766,-7.594,-1095.137,-0.83,0,-0.558,0,1,0,0.558,0,-0.83,-12.021,8.037,10.559,"S","J"],[884.566,-7.494,-1094.961,-0.825,0,-0.566,0,1,0,0.566,0,-0.825,-11.972,4.767,10.614,"S","J"],[884.368,-7.448,-1094.782,-0.822,0,-0.569,0,1,0,0.569,0,-0.822,-11.876,1.497,10.722,"S","J"],[884.171,-7.458,-1094.603,-0.819,0,-0.573,0,1,0,0.573,0,-0.819,-11.827,-1.773,10.776,"S","J"],[883.974,-7.521,-1094.422,-0.817,0,-0.577,0,1,0,0.577,0,-0.817,-11.778,-5.043,10.83,"S","J"],[883.779,-7.639,-1094.241,-0.817,0,-0.577,0,1,0,0.577,0,-0.817,-11.728,-8.313,10.883,"S","J"],[883.583,-7.812,-1094.059,-0.817,0,-0.577,0,1,0,0.577,0,-0.817,-11.727,-11.583,10.884,"S","J"],[883.388,-8.039,-1093.878,-0.817,0,-0.577,0,1,0,0.577,0,-0.817,-11.727,-14.853,10.884,"S","J"],[883.192,-8.321,-1093.696,-0.817,0,-0.577,0,1,0,0.577,0,-0.817,-11.727,-18.123,10.884,"S","J"],[882.997,-8.657,-1093.514,-0.814,0,-0.581,0,1,0,0.581,0,-0.814,-11.727,-21.393,10.884,"S","J"],[882.802,-9.047,-1093.332,-0.814,0,-0.581,0,1,0,0.581,0,-0.814,-11.679,-24.663,10.936,"S",0],[882.607,-9.492,-1093.15,-0.817,0,-0.577,0,1,0,0.577,0,-0.817,-11.678,-27.933,10.937,"S","J"],[882.412,-9.992,-1092.969,-0.817,0,-0.577,0,1,0,0.577,0,-0.817,-11.726,-31.203,10.885,"S","J"],[882.216,-10.546,-1092.787,-0.819,0,-0.573,0,1,0,0.573,0,-0.819,-11.727,-34.473,10.884,"S","J"],[882.02,-11.155,-1092.606,-0.822,0,-0.569,0,1,0,0.569,0,-0.822,-11.776,-37.743,10.832,"S","J"],[881.823,-11.818,-1092.426,-0.825,0,-0.566,0,1,0,0.566,0,-0.825,-11.825,-41.013,10.779,"S","J"],[881.625,-12.535,-1092.248,-0.827,0,-0.562,0,1,0,0.562,0,-0.827,-11.873,-44.283,10.725,"S","J"],[881.427,-13.308,-1092.07,-0.827,0,-0.562,0,1,0,0.562,0,-0.827,-11.922,-47.553,10.671,"S","J"],[881.228,-14.134,-1091.892,-0.83,0,-0.558,0,1,0,0.558,0,-0.83,-11.923,-50.823,10.67,8,"J"],[881.045,-14.259,-1091.728,-0.768,0,-0.64,0,1,0,0.64,0,-0.768,-10.832,-1.005,9.694,"S","J"],[880.865,-14.261,-1091.567,-0.744,0,-0.669,0,1,0,0.669,0,-0.744,-10.811,-0.02,9.674,"S","J"],[880.686,-14.261,-1091.405,-0.739,0,-0.673,0,1,0,0.673,0,-0.739,-10.767,0,9.721,"S","J"],[880.507,-14.261,-1091.243,-0.736,0,-0.677,0,1,0,0.677,0,-0.736,-10.722,0,9.77,"S","J"],[880.329,-14.261,-1091.079,-0.736,0,-0.677,0,1,0,0.677,0,-0.736,-10.677,0,9.818,"S","J"],[880.151,-14.261,-1090.915,-0.736,0,-0.677,0,1,0,0.677,0,-0.736,-10.676,0,9.819,"S","J"],["s","v","S","J"],[879.984,-14.261,-1090.74,-0.682,0,-0.732,0,1,0,0.732,0,-0.682,-9.9,0,10.593,"S","J"],[879.819,-14.184,-1090.564,-0.682,0,-0.732,0,1,0,0.732,0,-0.682,-9.885,5.885,10.609,"S","J"],[879.654,-14.06,-1090.387,-0.682,0,-0.732,0,1,0,0.732,0,-0.682,-9.884,7.682,10.609,"S","J"],["s","v","S","J"],["s","v","S","J"],[879.49,-13.966,-1090.21,-0.682,0,-0.732,0,1,0,0.732,0,-0.682,-9.884,4.412,10.609,"S","J"],[879.325,-13.871,-1090.033,-0.682,0,-0.732,0,1,0,0.732,0,-0.682,-9.884,4.798,10.609,"S","J"],[879.16,-13.835,-1089.857,-0.678,0,-0.735,0,1,0,0.735,0,-0.678,-9.884,1.874,10.609,"S","J"],[878.996,-13.786,-1089.679,-0.678,0,-0.735,0,1,0,0.735,0,-0.678,-9.837,3.46,10.653,"S","J"],[878.823,-13.724,-1089.492,-0.675,0,-0.738,0,1,0,0.738,0,-0.675,-10.448,3.809,11.316,"S","J"],["s","v","S","J"],[878.66,-13.648,-1089.311,-0.668,0,-0.744,0,1,0,0.744,0,-0.668,-9.706,4.851,10.798,"S","J"],[878.487,-13.516,-1089.119,-0.668,0,-0.744,0,1,0,0.744,0,-0.668,-10.482,8.157,11.667,"S","J"],[878.314,-13.317,-1088.926,-0.668,0,-0.744,0,1,0,0.744,0,-0.668,-10.339,12.057,11.509,"S","J"],["s","v","S","J"],[878.152,-13.15,-1088.744,-0.695,0,-0.719,0,1,0,0.719,0,-0.695,-9.656,8.787,10.845,"S","J"],[878.031,-13.061,-1088.609,-0.668,0,-0.744,0,1,0,0.744,0,-0.668,-9.643,6.335,10.832,"S","J"],["s","v","S","J"],[877.909,-13.02,-1088.475,-0.678,0,-0.735,0,1,0,0.735,0,-0.678,-9.826,2.637,10.663,"S","J"],[877.744,-12.958,-1088.297,-0.678,0,-0.735,0,1,0,0.735,0,-0.678,-9.854,4.114,10.673,"S","J"],[877.58,-12.872,-1088.12,-0.678,0,-0.735,0,1,0,0.735,0,-0.678,-9.836,5.477,10.654,"S","J"],[877.376,-12.766,-1087.897,-0.678,0,-0.735,0,1,0,0.735,0,-0.678,-9.836,5.086,10.654,"S","J"],[877.212,-12.672,-1087.72,-0.678,0,-0.735,0,1,0,0.735,0,-0.678,-9.836,5.787,10.654,"S",1],[877.089,-12.013,-1087.586,-0.678,0,-0.735,0,1,0,0.735,0,-0.678,-9.836,52.182,10.654,3,"J"],[876.867,-10.976,-1087.346,-0.763,0,-0.646,0,1,0,0.646,0,-0.763,-10.842,48.095,11.743,5,"J"],[876.686,-10.209,-1087.15,-0.768,0,-0.64,0,1,0,0.64,0,-0.768,-10.853,44.825,11.756,"S","J"],[876.505,-9.496,-1086.954,-0.77,0,-0.638,0,1,0,0.638,0,-0.77,-10.854,41.555,11.756,"S","J"],[876.369,-8.997,-1086.807,-0.748,0,-0.663,0,1,0,0.663,0,-0.748,-10.854,39.102,11.756,"S","J"],[876.143,-8.233,-1086.562,-0.791,0,-0.612,0,1,0,0.612,0,-0.791,-10.854,35.015,11.756,"S","J"],[875.962,-7.684,-1086.367,-0.758,0,-0.652,0,1,0,0.652,0,-0.758,-10.854,31.745,11.756,"S",0],[875.784,-7.189,-1086.168,-0.755,0,-0.655,0,1,0,0.655,0,-0.755,-10.643,28.475,11.947,"S","J"],[875.608,-6.748,-1085.968,-0.752,0,-0.659,0,1,0,0.659,0,-0.752,-10.585,25.205,11.998,"S","J"],[875.432,-6.362,-1085.767,-0.752,0,-0.659,0,1,0,0.659,0,-0.752,-10.531,21.935,12.046,"S","J"],[875.257,-6.031,-1085.567,-0.752,0,-0.659,0,1,0,0.659,0,-0.752,-10.53,18.665,12.047,"S","J"],[875.081,-5.754,-1085.366,-0.752,0,-0.659,0,1,0,0.659,0,-0.752,-10.53,15.395,12.047,"S","J"],[874.95,-5.582,-1085.216,-0.73,0,-0.684,0,1,0,0.684,0,-0.73,-10.53,12.942,12.047,"S","J"],[874.73,-5.363,-1084.965,-0.774,0,-0.633,0,1,0,0.633,0,-0.774,-10.53,8.855,12.047,"S","J"],[874.599,-5.273,-1084.814,-0.73,0,-0.684,0,1,0,0.684,0,-0.73,-10.53,6.402,12.047,"S","J"],[874.423,-5.2,-1084.614,-0.752,0,-0.659,0,1,0,0.659,0,-0.752,-10.53,3.132,12.047,"S","J"],[874.247,-5.182,-1084.413,-0.752,0,-0.659,0,1,0,0.659,0,-0.752,-10.53,-0.138,12.047,"S","J"],[874.028,-5.236,-1084.162,-0.774,0,-0.633,0,1,0,0.633,0,-0.774,-10.53,-4.225,12.047,"S","J"],[873.852,-5.341,-1083.961,-0.752,0,-0.659,0,1,0,0.659,0,-0.752,-10.53,-7.495,12.047,"S","J"],[873.677,-5.5,-1083.761,-0.752,0,-0.659,0,1,0,0.659,0,-0.752,-10.53,-10.765,12.047,"S","J"],[873.501,-5.713,-1083.56,-0.752,0,-0.659,0,1,0,0.659,0,-0.752,-10.53,-14.035,12.047,"S","J"],[873.326,-5.981,-1083.359,-0.752,0,-0.659,0,1,0,0.659,0,-0.752,-10.53,-17.305,12.047,"S","J"],[873.15,-6.304,-1083.159,-0.752,0,-0.659,0,1,0,0.659,0,-0.752,-10.53,-20.575,12.047,"S","J"],[872.975,-6.681,-1082.958,-0.752,0,-0.659,0,1,0,0.659,0,-0.752,-10.53,-23.845,12.047,"S","J"],[872.778,-6.961,-1082.787,-0.767,0.016,-0.641,0.056,0.998,-0.042,0.639,-0.068,-0.767,-15.591,6.112,5.01,"S","J"],[872.526,-6.889,-1082.626,-0.771,0.019,-0.637,0.078,0.995,-0.065,0.633,-0.099,-0.768,-14.59,3.246,11.256,"S","J"],[872.187,-6.237,-1082.376,-0.615,-0.001,-0.789,-0.003,1,0.001,0.789,0.002,-0.615,-23.856,44.263,16.529,7,"J"],[871.701,-5.638,-1082.057,-0.553,0,-0.833,-0.032,0.999,0.022,0.832,0.039,-0.553,-32.217,30.115,20.73,"S","J"],[871.074,-5.269,-1081.662,-0.553,-0.001,-0.833,-0.011,1,0.006,0.833,0.013,-0.553,-40.917,17.878,25.841,8,"J"],[870.412,-5.082,-1081.151,-0.555,-0.001,-0.832,0.001,1,-0.001,0.832,-0.001,-0.555,-39.397,8.351,31.898,"S","J"],[869.955,-5.025,-1080.706,-0.581,0,-0.814,0.002,1,-0.001,0.814,-0.002,-0.581,-35.562,3.258,36.835,"S","J"],[869.283,-5.014,-1079.867,-0.523,0,-0.853,0,1,0,0.853,0,-0.523,-31.642,0.038,40.892,"S","J"],[868.831,-5.014,-1079.125,-0.555,0,-0.832,0,1,0,0.832,0,-0.555,-25.287,0.001,46.01,"S","J"],[868.529,-5.014,-1078.553,-0.581,0,-0.814,0,1,0,0.814,0,-0.581,-23.883,0,45.762,"S","J"],[868.046,-5.014,-1077.634,-0.629,0,-0.777,0,1,0,0.777,0,-0.629,-22.78,0.004,42.995,"S","J"],[867.675,-5.014,-1076.94,-0.659,0,-0.752,0,1,0,0.752,0,-0.659,-21.899,0.004,40.781,"S","J"],[867.407,-5.013,-1076.445,-0.659,0,-0.752,0,1,0,0.752,0,-0.659,-21.238,0.004,39.121,"S","J"],[866.978,-5.013,-1075.664,-0.662,0,-0.749,0,1,0,0.749,0,-0.662,-20.135,0.004,36.353,"S","J"],[866.652,-5.013,-1075.081,-0.661,0,-0.75,0,1,0,0.75,0,-0.661,-19.254,0.004,34.139,"S","J"],[866.417,-5.013,-1074.668,-0.659,0,-0.752,0,1,0,0.752,0,-0.659,-18.592,0.004,32.478,"S","J"],[866.116,-5.047,-1074.15,-0.723,0,-0.691,0,1,0,0.691,0,-0.723,-17.71,-3.266,30.264,5,"J"],[865.761,-5.166,-1073.554,-0.768,0,-0.641,0,1,0,0.641,0,-0.768,-16.608,-7.354,27.496,"S","J"],[865.493,-5.323,-1073.119,-0.749,0,-0.662,0,1,0,0.662,0,-0.749,-15.726,-10.624,25.282,"S","J"],[865.24,-5.534,-1072.721,-0.749,0,-0.662,0,1,0,0.662,0,-0.749,-14.845,-13.894,23.068,"S","J"],[865.002,-5.8,-1072.359,-0.749,0,-0.662,0,1,0,0.662,0,-0.749,-13.963,-17.164,20.853,"S","J"],[864.779,-6.12,-1072.035,-0.749,0,-0.662,0,1,0,0.662,0,-0.749,-13.081,-20.434,18.639,"S","J"],[864.57,-6.495,-1071.747,-0.749,0,-0.662,0,1,0,0.662,0,-0.749,-12.199,-23.704,16.425,"S","J"],[864.376,-6.924,-1071.497,-0.749,0,-0.662,0,1,0,0.662,0,-0.749,-11.318,-26.974,14.211,"S","J"],[864.196,-7.407,-1071.282,-0.749,0,-0.662,0,1,0,0.662,0,-0.749,-10.543,-30.244,12.265,"S","J"],[864.065,-7.806,-1071.13,-0.727,0,-0.687,0,1,0,0.687,0,-0.727,-10.478,-32.696,12.104,"S","J"],[863.846,-8.538,-1070.878,-0.771,0,-0.637,0,1,0,0.637,0,-0.771,-10.475,-36.784,12.095,"S","J"],[863.715,-9.018,-1070.727,-0.73,0,-0.684,0,1,0,0.684,0,-0.73,-10.475,-39.236,12.095,"S","J"],[863.496,-9.887,-1070.476,-0.774,0,-0.633,0,1,0,0.633,0,-0.774,-10.529,-43.324,12.047,"S","J"],[863.365,-10.449,-1070.325,-0.733,0,-0.68,0,1,0,0.68,0,-0.733,-10.53,-45.776,12.047,"S","J"],[863.188,-11.246,-1070.125,-0.758,0,-0.652,0,1,0,0.652,0,-0.758,-10.583,-49.046,12,"S","J"],[863.011,-12.097,-1069.926,-0.758,0,-0.652,0,1,0,0.652,0,-0.758,-10.637,-52.316,11.952,"S","J"],[862.79,-13.238,-1069.677,-0.782,0,-0.623,0,1,0,0.623,0,-0.782,-10.638,-56.404,11.951,"S","J"],[862.656,-13.964,-1069.528,-0.739,0,-0.674,0,1,0,0.674,0,-0.739,-10.69,-58.856,11.905,"S","J"],[862.492,-14.979,-1069.345,-0.698,0,-0.716,0,1,0,0.716,0,-0.698,-9.712,-62.126,10.811,7,"J"],[862.29,-15.743,-1069.12,-0.672,0,-0.741,0,1,0,0.741,0,-0.672,-9.693,-6.334,10.79,"S","J"],[862.128,-15.721,-1068.941,-0.669,0,-0.744,0,1,0,0.744,0,-0.669,-9.693,2.624,10.789,8,"J"],[861.953,-15.809,-1068.745,-0.668,0,-0.744,0,1,0,0.744,0,-0.668,-10.673,-7.282,11.88,"S","J"],[861.775,-15.964,-1068.547,-0.668,0,-0.744,0,1,0,0.744,0,-0.668,-10.692,-10.552,11.902,"S","J"],[861.641,-16.116,-1068.398,-0.668,0,-0.744,0,1,0,0.744,0,-0.668,-10.693,-13.005,11.902,"S","J"],[861.418,-16.438,-1068.15,-0.668,0,-0.744,0,1,0,0.744,0,-0.668,-10.693,-17.092,11.902,"S","J"],[861.24,-16.757,-1067.952,-0.668,0,-0.744,0,1,0,0.744,0,-0.668,-10.693,-20.362,11.902,"S","J"],[861.106,-16.827,-1067.803,-0.668,0,-0.744,0,1,0,0.744,0,-0.668,-10.693,-1.379,11.902,"S","J"],[860.883,-16.792,-1067.556,-0.668,0,-0.744,0,1,0,0.744,0,-0.668,-10.693,2.131,11.902,"S","J"],[860.705,-16.764,-1067.357,-0.668,0,-0.744,0,1,0,0.744,0,-0.668,-10.693,1.451,11.902,"S","J"],[860.527,-16.746,-1067.159,-0.668,0,-0.744,0,1,0,0.744,0,-0.668,-10.693,0.836,11.902,"S","J"],[860.349,-16.736,-1066.961,-0.668,0,-0.744,0,1,0,0.744,0,-0.668,-10.693,0.463,11.902,"S","J"],[860.171,-16.731,-1066.763,-0.668,0,-0.744,0,1,0,0.744,0,-0.668,-10.693,0.253,11.902,"S","J"],[860.037,-16.729,-1066.614,-0.668,0,-0.744,0,1,0,0.744,0,-0.668,-10.693,0.161,11.902,"S","J"],[859.859,-16.727,-1066.416,-0.668,0,-0.744,0,1,0,0.744,0,-0.668,-10.693,0.087,11.902,"S","J"],[859.636,-16.686,-1066.168,-0.668,0,-0.744,0,1,0,0.744,0,-0.668,-10.693,2.103,11.902,"S","J"],[859.458,-16.658,-1065.97,-0.668,0,-0.744,0,1,0,0.744,0,-0.668,-10.693,1.362,11.902,"S","J"],[859.279,-16.642,-1065.771,-0.668,0,-0.744,0,1,0,0.744,0,-0.668,-10.693,0.777,11.902,"S","J"],[859.101,-16.633,-1065.573,-0.668,0,-0.744,0,1,0,0.744,0,-0.668,-10.693,0.43,11.902,"S","J"],[858.923,-16.628,-1065.375,-0.668,0,-0.744,0,1,0,0.744,0,-0.668,-10.693,0.236,11.902,"S","J"],[858.745,-16.625,-1065.177,-0.668,0,-0.744,0,1,0,0.744,0,-0.668,-10.693,0.13,11.902,"S","J"],[858.567,-16.624,-1064.979,-0.668,0,-0.744,0,1,0,0.744,0,-0.668,-10.693,0.072,11.902,"S","J"],[858.388,-16.623,-1064.78,-0.668,0,-0.744,0,1,0,0.744,0,-0.668,-10.693,0.04,11.902,"S","J"],[858.21,-16.622,-1064.582,-0.668,0,-0.744,0,1,0,0.744,0,-0.668,-10.693,0.023,11.902,"S","J"],[858.076,-16.622,-1064.433,-0.668,0,-0.744,0,1,0,0.744,0,-0.668,-10.693,0.016,11.902,"S","J"],[857.898,-16.622,-1064.235,-0.668,0,-0.744,0,1,0,0.744,0,-0.668,-10.693,0.01,11.902,"S","J"]]

