[[1048.748,-16.497,-1097.89,-0.997,0,-0.081,0,1,0,0.081,0,-0.997,0,0,0,8,0],["s","v","S","J"],[1048.824,-16.497,-1097.724,-0.992,0,-0.129,0,1,0,0.129,0,-0.992,5.333,0,11.711,"S","J"],[1048.933,-16.497,-1097.485,-0.986,0,-0.169,0,1,0,0.169,0,-0.986,6.615,0,14.501,"S","J"],[1049.043,-16.497,-1097.243,-0.979,0,-0.203,0,1,0,0.203,0,-0.979,6.64,0,14.556,"S","J"],[1049.099,-16.497,-1097.121,-0.976,0,-0.218,0,1,0,0.218,0,-0.976,6.64,0,14.557,"S","J"],[1049.265,-16.497,-1096.757,-0.966,0,-0.259,0,1,0,0.259,0,-0.966,6.64,0,14.557,"S","J"],[1049.375,-16.497,-1096.515,-0.96,0,-0.281,0,1,0,0.281,0,-0.96,6.64,0,14.557,"S","J"],[1049.431,-16.497,-1096.393,-0.957,0,-0.29,0,1,0,0.29,0,-0.957,6.64,0,14.557,"S",1],[1049.541,-15.624,-1096.151,-0.951,0,-0.309,0,1,0,0.309,0,-0.951,6.64,51.365,14.557,3,"J"],[1049.652,-14.802,-1095.908,-0.946,0,-0.325,0,1,0,0.325,0,-0.946,6.64,48.095,14.557,5,"J"],[1049.766,-14.034,-1095.667,-0.941,0,-0.339,0,1,0,0.339,0,-0.941,6.834,44.825,14.467,"S","J"],[1049.879,-13.321,-1095.425,-0.936,0,-0.351,0,1,0,0.351,0,-0.936,6.838,41.555,14.465,"S","J"],[1049.993,-12.663,-1095.184,-0.932,0,-0.362,0,1,0,0.362,0,-0.932,6.838,38.285,14.465,"S","J"],[1050.108,-12.059,-1094.943,-0.928,0,-0.372,0,1,0,0.372,0,-0.928,6.902,35.015,14.435,"S","J"],[1050.223,-11.509,-1094.703,-0.925,0,-0.38,0,1,0,0.38,0,-0.925,6.903,31.745,14.434,"S","J"],[1050.31,-11.133,-1094.522,-0.923,0,-0.386,0,1,0,0.386,0,-0.923,6.903,29.292,14.434,"S","J"],[1050.455,-10.573,-1094.222,-0.919,0,-0.394,0,1,0,0.394,0,-0.919,6.968,25.205,14.403,"S","J"],[1050.571,-10.187,-1093.982,-0.916,0,-0.4,0,1,0,0.4,0,-0.916,6.969,21.935,14.403,"S","J"],[1050.659,-9.934,-1093.802,-0.915,0,-0.404,0,1,0,0.404,0,-0.915,7.031,19.482,14.373,"S","J"],[1050.805,-9.579,-1093.502,-0.912,0,-0.41,0,1,0,0.41,0,-0.912,7.034,15.395,14.371,"S","J"],[1050.923,-9.356,-1093.262,-0.91,0,-0.415,0,1,0,0.415,0,-0.91,7.034,12.125,14.371,"S","J"],[1051.04,-9.188,-1093.023,-0.908,0,-0.418,0,1,0,0.418,0,-0.908,7.034,8.855,14.371,"S","J"],[1051.157,-9.075,-1092.783,-0.907,0,-0.421,0,1,0,0.421,0,-0.907,7.034,5.585,14.371,"S","J"],[1051.274,-9.016,-1092.543,-0.906,0,-0.424,0,1,0,0.424,0,-0.906,7.034,2.315,14.371,"S","J"],[1051.391,-9.011,-1092.303,-0.905,0,-0.426,0,1,0,0.426,0,-0.905,7.034,-0.955,14.371,"S","J"],[1051.479,-9.044,-1092.124,-0.904,0,-0.428,0,1,0,0.428,0,-0.904,7.034,-3.408,14.371,"S","J"],[1051.596,-9.135,-1091.884,-0.903,0,-0.429,0,1,0,0.429,0,-0.903,7.034,-6.678,14.371,"S","J"],[1051.743,-9.325,-1091.584,-0.902,0,-0.431,0,1,0,0.431,0,-0.902,7.034,-10.765,14.371,"S","J"],[1051.831,-9.48,-1091.404,-0.902,0,-0.432,0,1,0,0.432,0,-0.902,7.034,-13.218,14.371,"S","J"],[1051.949,-9.734,-1091.165,-0.901,0,-0.433,0,1,0,0.433,0,-0.901,7.098,-16.488,14.339,"S","J"],[1052.067,-10.043,-1090.927,-0.901,0,-0.435,0,1,0,0.435,0,-0.901,7.099,-19.758,14.339,"S",0],[1052.185,-10.406,-1090.688,-0.9,0,-0.436,0,1,0,0.436,0,-0.9,7.099,-23.028,14.339,"S","J"],[1052.303,-10.824,-1090.449,-0.899,0,-0.437,0,1,0,0.437,0,-0.899,7.099,-26.298,14.339,"S","J"],[1052.392,-11.173,-1090.27,-0.899,0,-0.438,0,1,0,0.438,0,-0.899,7.099,-28.75,14.339,"S","J"],[1052.517,-11.245,-1090.017,-0.899,0,-0.439,0,1,0,0.439,0,-0.899,5.864,-0.213,11.844,7,"J"],[1052.67,-11.245,-1089.703,-0.898,0,-0.44,0,1,0,0.44,0,-0.898,11.123,-0.004,23.03,"S","J"],[1052.828,-11.271,-1089.374,-0.898,0,-0.44,0,1,0,0.44,0,-0.898,12.883,-2.647,26.774,8,"J"],[1053.044,-11.356,-1088.925,-0.898,0,-0.441,0,1,0,0.441,0,-0.898,12.979,-5.917,26.978,"S","J"],[1053.369,-11.252,-1088.25,-0.897,0,-0.441,0,1,0,0.441,0,-0.897,12.981,6.151,26.982,"S","J"],[1053.585,-11.132,-1087.8,-0.897,0,-0.441,0,1,0,0.441,0,-0.897,12.981,7.352,26.982,"S","J"],[1053.747,-11.038,-1087.463,-0.897,0,-0.442,0,1,0,0.442,0,-0.897,12.981,7.64,26.982,"S","J"],[1053.964,-10.907,-1087.013,-0.897,0,-0.442,0,1,0,0.442,0,-0.897,12.981,7.85,26.982,"S","J"],[1054.18,-10.775,-1086.564,-0.897,0,-0.442,0,1,0,0.442,0,-0.897,12.981,7.921,26.982,"S","J"],[1054.396,-10.642,-1086.114,-0.897,0,-0.442,0,1,0,0.442,0,-0.897,12.981,7.952,26.982,"S","J"],[1054.613,-10.508,-1085.664,-0.897,0,-0.443,0,1,0,0.443,0,-0.897,12.981,7.968,26.982,"S","J"],[1054.937,-10.309,-1084.99,-0.897,0,-0.443,0,1,0,0.443,0,-0.897,12.981,7.877,26.982,"S","J"],["s","v","S","J"],[1055.156,-10.179,-1084.541,-0.896,0,-0.444,0,1,0,0.444,0,-0.896,13.165,7.942,26.89,"S","J"],[1055.377,-10.053,-1084.09,-0.895,0,-0.446,0,1,0,0.446,0,-0.895,13.275,7.344,27.095,"S",1],[1055.598,-9.18,-1083.638,-0.894,0,-0.447,0,1,0,0.447,0,-0.894,13.275,51.365,27.095,3,"J"],[1055.809,-8.358,-1083.209,-0.894,0,-0.449,0,1,0,0.449,0,-0.894,12.269,48.095,24.934,5,"J"],[1056.049,-7.407,-1082.724,-0.893,0,-0.45,0,1,0,0.45,0,-0.893,11.012,44.007,22.233,"S","J"],[1056.222,-6.708,-1082.375,-0.893,0,-0.451,0,1,0,0.451,0,-0.893,10.007,40.737,20.072,"S","J"],[1056.378,-6.063,-1082.063,-0.892,0,-0.451,0,1,0,0.451,0,-0.892,9.001,37.467,17.911,"S","J"],[1056.518,-5.473,-1081.787,-0.892,0,-0.452,0,1,0,0.452,0,-0.892,7.996,34.197,15.75,"S","J"],[1056.612,-5.066,-1081.603,-0.892,0,-0.452,0,1,0,0.452,0,-0.892,7.368,31.745,14.402,"S","J"],[1056.734,-4.571,-1081.365,-0.892,0,-0.453,0,1,0,0.453,0,-0.892,7.295,28.475,14.244,"S","J"],[1056.856,-4.13,-1081.128,-0.891,0,-0.453,0,1,0,0.453,0,-0.891,7.294,25.205,14.241,"S","J"],["s","v","S",0],[1056.998,-3.744,-1080.904,-0.878,0,-0.478,0,1,0,0.478,0,-0.878,9.269,21.935,12.908,"S","J"],[1057.168,-3.412,-1080.7,-0.864,0,-0.504,0,1,0,0.504,0,-0.864,10.438,18.665,12.119,"S","J"],[1057.342,-3.135,-1080.498,-0.85,0,-0.526,0,1,0,0.526,0,-0.85,10.475,15.395,12.094,"S","J"],[1057.517,-2.913,-1080.296,-0.838,0,-0.545,0,1,0,0.545,0,-0.838,10.476,12.125,12.094,"S","J"],[1057.692,-2.745,-1080.095,-0.828,0,-0.561,0,1,0,0.561,0,-0.828,10.476,8.855,12.094,"S","J"],[1057.867,-2.631,-1079.893,-0.818,0,-0.575,0,1,0,0.575,0,-0.818,10.476,5.585,12.094,"S","J"],[1057.998,-2.582,-1079.742,-0.812,0,-0.584,0,1,0,0.584,0,-0.812,10.476,3.132,12.094,"S","J"],[1058.172,-2.564,-1079.54,-0.804,0,-0.594,0,1,0,0.594,0,-0.804,10.476,-0.138,12.094,"S","J"],[1058.391,-2.618,-1079.288,-0.796,0,-0.605,0,1,0,0.605,0,-0.796,10.476,-4.225,12.094,"S","J"],[1058.566,-2.722,-1079.086,-0.791,0,-0.612,0,1,0,0.612,0,-0.791,10.476,-7.495,12.094,"S","J"],[1058.697,-2.836,-1078.935,-0.787,0,-0.617,0,1,0,0.617,0,-0.787,10.476,-9.948,12.094,"S","J"],[1058.915,-3.095,-1078.683,-0.782,0,-0.623,0,1,0,0.623,0,-0.782,10.476,-14.035,12.094,"S","J"],[1059.093,-3.363,-1078.484,-0.777,0,-0.629,0,1,0,0.629,0,-0.777,10.689,-17.305,11.905,"S","J"],["s","v","S","J"],[1059.267,-3.685,-1078.283,-0.775,0,-0.632,0,1,0,0.632,0,-0.775,10.426,-20.575,12.136,"S","J"],[1059.441,-4.062,-1078.08,-0.772,0,-0.635,0,1,0,0.635,0,-0.772,10.421,-23.845,12.141,"S","J"],[1059.615,-4.494,-1077.878,-0.771,0,-0.637,0,1,0,0.637,0,-0.771,10.421,-27.115,12.141,"S","J"],[1059.789,-4.98,-1077.676,-0.769,0,-0.639,0,1,0,0.639,0,-0.769,10.421,-30.385,12.141,"S","J"],[1059.963,-5.52,-1077.474,-0.767,0,-0.641,0,1,0,0.641,0,-0.767,10.421,-33.655,12.141,7,"J"],[1060.093,-5.884,-1077.322,-0.767,0,-0.642,0,1,0,0.642,0,-0.767,10.421,-17.486,12.141,"S","J"],[1060.267,-5.888,-1077.12,-0.765,0,-0.643,0,1,0,0.643,0,-0.765,10.421,4.161,12.141,"S",1],[1060.527,-5.776,-1076.817,-0.764,0,-0.645,0,1,0,0.645,0,-0.764,10.421,3.84,12.141,8,"J"],[1060.701,-4.903,-1076.615,-0.763,0,-0.646,0,1,0,0.646,0,-0.763,10.421,51.365,12.141,5,"J"],[1060.88,-4.081,-1076.416,-0.761,0,-0.649,0,1,0,0.649,0,-0.761,10.741,48.095,11.859,"S","J"],[1061.06,-3.314,-1076.219,-0.758,0,-0.652,0,1,0,0.652,0,-0.758,10.8,44.825,11.805,"S","J"],[1061.24,-2.601,-1076.023,-0.755,0,-0.655,0,1,0,0.655,0,-0.755,10.801,41.555,11.804,"S","J"],[1061.42,-1.942,-1075.826,-0.753,0,-0.658,0,1,0,0.658,0,-0.753,10.801,38.285,11.804,"S","J"],[1061.6,-1.338,-1075.629,-0.751,0,-0.661,0,1,0,0.661,0,-0.751,10.801,35.015,11.804,"S","J"],[1061.825,-0.66,-1075.383,-0.748,0,-0.663,0,1,0,0.663,0,-0.748,10.801,30.927,11.804,"S","J"],[1062.005,-0.178,-1075.186,-0.747,0,-0.665,0,1,0,0.665,0,-0.747,10.801,27.657,11.804,"S","J"],[1062.141,0.147,-1075.039,-0.746,0,-0.666,0,1,0,0.666,0,-0.746,10.801,25.205,11.804,"S","J"],[1062.366,0.621,-1074.793,-0.745,0,-0.668,0,1,0,0.668,0,-0.745,10.801,21.117,11.804,"S","J"],[1062.546,0.939,-1074.596,-0.744,0,-0.669,0,1,0,0.669,0,-0.744,10.801,17.847,11.804,"S","J"],[1062.681,1.141,-1074.448,-0.743,0,-0.669,0,1,0,0.669,0,-0.743,10.801,15.395,11.804,"S","J"],[1062.906,1.411,-1074.203,-0.742,0,-0.67,0,1,0,0.67,0,-0.742,10.801,11.307,11.804,"S","J"],[1063.087,1.565,-1074.006,-0.741,0,-0.671,0,1,0,0.671,0,-0.741,10.801,8.037,11.804,"S","J"],[1063.267,1.665,-1073.809,-0.741,0,-0.672,0,1,0,0.672,0,-0.741,10.801,4.767,11.804,"S","J"],[1063.402,1.704,-1073.661,-0.741,0,-0.672,0,1,0,0.672,0,-0.741,10.801,2.315,11.804,"S","J"],[1063.582,1.709,-1073.465,-0.74,0,-0.672,0,1,0,0.672,0,-0.74,10.801,-0.955,11.804,"S","J"],[1063.762,1.659,-1073.268,-0.74,0,-0.673,0,1,0,0.673,0,-0.74,10.801,-4.225,11.804,"S","J"],[1063.942,1.555,-1073.071,-0.74,0,-0.673,0,1,0,0.673,0,-0.74,10.801,-7.495,11.804,"S","J"],[1064.168,1.347,-1072.825,-0.739,0,-0.673,0,1,0,0.673,0,-0.739,10.801,-11.583,11.804,"S","J"],[1064.348,1.12,-1072.628,-0.739,0,-0.674,0,1,0,0.674,0,-0.739,10.801,-14.853,11.804,"S",0],[1064.544,0.839,-1072.448,-0.731,0,-0.683,0,1,0,0.683,0,-0.731,12.168,-18.123,10.377,"S","J"],[1064.752,0.502,-1072.281,-0.718,0,-0.696,0,1,0,0.696,0,-0.718,12.525,-21.393,9.956,"S","J"],[1064.966,0.112,-1072.122,-0.703,0,-0.711,0,1,0,0.711,0,-0.703,12.878,-24.663,9.495,"S","J"],[1065.183,-0.333,-1071.967,-0.687,0,-0.726,0,1,0,0.726,0,-0.687,13.051,-27.933,9.255,"S","J"],[1065.346,-0.703,-1071.852,-0.676,0,-0.737,0,1,0,0.737,0,-0.676,13.094,-30.385,9.194,"S","J"],[1065.564,-1.243,-1071.699,-0.663,0,-0.749,0,1,0,0.749,0,-0.663,13.097,-33.655,9.191,"S","J"],[1065.783,-1.838,-1071.546,-0.651,0,-0.759,0,1,0,0.759,0,-0.651,13.097,-36.925,9.191,"S","J"],[1066.001,-2.488,-1071.392,-0.64,0,-0.768,0,1,0,0.768,0,-0.64,13.097,-40.195,9.191,"S","J"],[1066.219,-3.192,-1071.239,-0.631,0,-0.776,0,1,0,0.776,0,-0.631,13.097,-43.465,9.191,"S","J"],[1066.438,-3.95,-1071.086,-0.623,0,-0.782,0,1,0,0.782,0,-0.623,13.097,-46.735,9.191,"S","J"],[1066.601,-4.555,-1070.971,-0.618,0,-0.786,0,1,0,0.786,0,-0.618,13.097,-49.188,9.191,"S","J"],[1067.024,-4.677,-1070.674,-0.611,0,-0.792,0,1,0,0.792,0,-0.611,23.981,-0.365,16.811,7,"J"],[1067.432,-4.678,-1070.388,-0.606,0,-0.796,0,1,0,0.796,0,-0.606,24.509,-0.007,17.181,"S","J"],[1067.943,-4.764,-1070.03,-0.6,0,-0.8,0,1,0,0.8,0,-0.6,24.52,-5.493,17.188,8,"J"],[1068.147,-4.823,-1069.887,-0.599,0,-0.801,0,1,0,0.801,0,-0.599,24.52,-7.128,17.188,"S","J"],[1068.76,-4.966,-1069.458,-0.594,0,-0.805,0,1,0,0.805,0,-0.594,24.52,2.094,17.188,"S","J"],[1069.169,-4.838,-1069.171,-0.591,0,-0.807,0,1,0,0.807,0,-0.591,24.52,8.385,17.188,"S","J"],[1069.475,-4.73,-1068.956,-0.589,0,-0.808,0,1,0,0.808,0,-0.589,24.52,8.792,17.188,"S","J"],[1069.884,-4.585,-1068.67,-0.587,0,-0.809,0,1,0,0.809,0,-0.587,24.52,8.609,17.188,"S","J"],[1070.497,-4.376,-1068.24,-0.585,0,-0.811,0,1,0,0.811,0,-0.585,24.52,8.156,17.188,"S","J"],[1070.906,-4.239,-1067.954,-0.583,0,-0.812,0,1,0,0.812,0,-0.583,24.52,8.154,17.188,"S","J"],[1071.314,-4.104,-1067.668,-0.582,0,-0.813,0,1,0,0.813,0,-0.582,24.52,8.088,17.188,"S","J"],[1071.724,-3.975,-1067.38,-0.581,0,-0.814,0,1,0,0.814,0,-0.581,24.613,7.623,17.253,"S","J"],[1071.932,-3.925,-1067.235,-0.581,0,-0.814,0,1,0,0.814,0,-0.581,24.914,5.988,17.465,"S","J"],["s","v","S",1],[1072.347,-3.052,-1066.944,-0.971,0,0.239,0,1,0,-0.239,0,-0.971,24.914,51.365,17.465,3,"J"],[1072.748,-2.23,-1066.673,-0.987,0,0.16,0,1,0,-0.16,0,-0.987,23.541,48.095,15.517,5,"J"],[1073.126,-1.462,-1066.435,-0.992,0,0.128,0,1,0,-0.128,0,-0.992,22.168,44.825,13.569,"S","J"],[1073.481,-0.749,-1066.229,-0.992,0,0.124,0,1,0,-0.124,0,-0.992,20.795,41.555,11.621,"S","J"],[1073.813,-0.09,-1066.055,-0.992,0,0.124,0,1,0,-0.124,0,-0.992,19.422,38.285,9.673,"S","J"],[1074.123,0.514,-1065.914,-0.992,0,0.124,0,1,0,-0.124,0,-0.992,18.049,35.015,7.724,"S","J"],["s","v","S",0],[1074.404,1.063,-1065.801,-0.966,0,0.258,0,1,0,-0.258,0,-0.966,16.146,31.745,6.29,"S","J"],[1074.658,1.558,-1065.706,-0.974,0,0.227,0,1,0,-0.227,0,-0.974,15.049,28.475,5.548,"S","J"],[1074.908,1.999,-1065.613,-0.971,0,0.24,0,1,0,-0.24,0,-0.971,14.992,25.205,5.592,"S","J"],[1075.157,2.385,-1065.515,-0.967,0,0.253,0,1,0,-0.253,0,-0.967,14.889,21.935,5.859,"S","J"],[1075.404,2.716,-1065.415,-0.965,0,0.262,0,1,0,-0.262,0,-0.965,14.807,18.665,6.062,"S","J"],[1075.65,2.993,-1065.312,-0.964,0,0.266,0,1,0,-0.266,0,-0.964,14.751,15.395,6.198,"S","J"],[1075.895,3.216,-1065.207,-0.964,0,0.266,0,1,0,-0.266,0,-0.964,14.722,12.125,6.266,"S","J"],[1076.14,3.384,-1065.103,-0.964,0,0.266,0,1,0,-0.266,0,-0.964,14.722,8.855,6.267,"S","J"],[1076.385,3.497,-1064.998,-0.964,0,0.266,0,1,0,-0.266,0,-0.964,14.722,5.585,6.267,"S","J"],[1076.631,3.556,-1064.894,-0.964,0,0.266,0,1,0,-0.266,0,-0.964,14.722,2.315,6.267,"S","J"],[1076.876,3.561,-1064.789,-0.964,0,0.266,0,1,0,-0.266,0,-0.964,14.722,-0.955,6.267,"S","J"],[1077.124,3.511,-1064.693,-0.973,0,0.231,0,1,0,-0.231,0,-0.973,14.935,-4.225,5.739,"S","J"],[1077.373,3.406,-1064.597,-0.973,0,0.231,0,1,0,-0.231,0,-0.973,14.939,-7.495,5.729,"S","J"],[1077.622,3.247,-1064.501,-0.973,0,0.231,0,1,0,-0.231,0,-0.973,14.939,-10.765,5.729,"S","J"],[1077.871,3.034,-1064.406,-0.973,0,0.231,0,1,0,-0.231,0,-0.973,14.939,-14.035,5.729,"S","J"],[1078.12,2.766,-1064.31,-0.973,0,0.231,0,1,0,-0.231,0,-0.973,14.939,-17.305,5.729,"S","J"],[1078.369,2.443,-1064.214,-0.973,0,0.231,0,1,0,-0.231,0,-0.973,14.939,-20.575,5.729,"S","J"],["s","v","S","J"],[1078.619,2.066,-1064.121,-0.971,0,0.239,0,1,0,-0.239,0,-0.971,15.016,-23.845,5.53,"S","J"],[1078.87,1.635,-1064.029,-0.976,0,0.22,0,1,0,-0.22,0,-0.976,15.018,-27.115,5.527,"S","J"],[1079.12,1.149,-1063.937,-0.976,0,0.218,0,1,0,-0.218,0,-0.976,15.017,-30.385,5.526,"S","J"],[1079.371,0.608,-1063.844,-0.976,0,0.218,0,1,0,-0.218,0,-0.976,15.016,-33.655,5.525,"S","J"],[1079.621,0.014,-1063.752,-0.976,0,0.218,0,1,0,-0.218,0,-0.976,15.016,-36.925,5.525,"S","J"],[1079.872,-0.636,-1063.66,-0.976,0,0.218,0,1,0,-0.218,0,-0.976,15.016,-40.195,5.525,"S","J"],[1080.122,-1.34,-1063.568,-0.976,0,0.218,0,1,0,-0.218,0,-0.976,15.016,-43.465,5.525,"S","J"],[1080.373,-2.098,-1063.475,-0.95,0,0.312,0,1,0,-0.312,0,-0.95,15.016,-46.735,5.525,7,"J"],[1080.623,-2.261,-1063.383,-0.939,0,0.343,0,1,0,-0.343,0,-0.939,15.016,0.712,5.525,"S","J"],[1080.874,-2.193,-1063.291,-0.939,0,0.345,0,1,0,-0.345,0,-0.939,15.016,4.523,5.525,8,"J"],[1081.124,-2.132,-1063.198,-0.939,0,0.345,0,1,0,-0.345,0,-0.939,15.016,3.117,5.525,"S","J"],[1081.375,-2.094,-1063.106,-0.938,0,0.345,0,1,0,-0.345,0,-0.938,15.016,1.801,5.525,"S","J"],[1081.625,-2.073,-1063.014,-0.939,0,0.345,0,1,0,-0.345,0,-0.939,15.016,0.997,5.525,"S","J"],[1081.876,-2.062,-1062.922,-0.938,0,0.345,0,1,0,-0.345,0,-0.938,15.016,0.545,5.525,"S","J"],[1082.126,-2.055,-1062.829,-0.938,0,0.345,0,1,0,-0.345,0,-0.938,15.016,0.297,5.525,"S","J"],[1082.377,-2.052,-1062.737,-0.938,0,0.345,0,1,0,-0.345,0,-0.938,15.016,0.162,5.525,"S","J"],[1082.627,-2.05,-1062.645,-0.939,0,0.345,0,1,0,-0.345,0,-0.939,15.016,0.088,5.525,"S","J"],[1082.94,-2.049,-1062.529,-0.938,0,0.345,0,1,0,-0.345,0,-0.938,15.016,0.041,5.525,"S","J"],[1083.128,-2.048,-1062.46,-0.938,0,0.345,0,1,0,-0.345,0,-0.938,15.016,0.026,5.525,"S","J"],[1083.379,-2.048,-1062.368,-0.939,0,0.345,0,1,0,-0.345,0,-0.939,15.016,0.014,5.525,"S","J"],[1083.629,-2.048,-1062.276,-0.938,0,0.345,0,1,0,-0.345,0,-0.938,15.016,0.008,5.525,"S","J"],[1083.88,-2.048,-1062.183,-0.938,0,0.345,0,1,0,-0.345,0,-0.938,15.016,0.004,5.525,"S","J"],[1084.13,-2.048,-1062.091,-0.938,0,0.345,0,1,0,-0.345,0,-0.938,15.016,0.002,5.525,"S","J"],[1084.381,-2.048,-1061.999,-0.938,0,0.345,0,1,0,-0.345,0,-0.938,15.016,0.001,5.525,"S","J"],[1084.631,-2.048,-1061.906,-0.938,0,0.345,0,1,0,-0.345,0,-0.938,15.016,0.001,5.525,"S","J"],[1084.882,-2.048,-1061.814,-0.938,0,0.345,0,1,0,-0.345,0,-0.938,15.016,0,5.525,"S","J"],[1085.132,-2.048,-1061.722,-0.938,0,0.345,0,1,0,-0.345,0,-0.938,15.016,0,5.525,"S","J"],[1085.383,-2.048,-1061.63,-0.938,0,0.345,0,1,0,-0.345,0,-0.938,15.016,0,5.525,"S","J"],[1085.696,-1.939,-1061.514,-0.938,0,0.345,0,1,0,-0.345,0,-0.938,15.016,5.639,5.525,"S","J"],[1085.884,-1.88,-1061.445,-0.938,0,0.345,0,1,0,-0.345,0,-0.938,15.016,4.159,5.525,"S","J"],[1086.033,-1.711,-1061.39,-0.937,0,0.35,0,1,0,-0.35,0,-0.937,5.349,11.061,1.968,12,"J"],[1086.052,-1.525,-1061.383,-0.915,0,0.404,0,1,0,-0.404,0,-0.915,0.155,11.197,0.057,"S","J"],[1086.153,-1.372,-1061.339,-0.879,0,0.477,0,1,0,-0.477,0,-0.879,9.574,7.927,4.226,8,"J"],[1086.372,-1.334,-1061.223,-0.837,0,0.548,0,1,0,-0.548,0,-0.837,13.93,-3.935,7.542,"S","J"],[1086.596,-1.455,-1061.08,-0.816,0,0.578,0,1,0,-0.578,0,-0.816,13.399,-8.571,8.737,"S","J"],[1086.814,-1.529,-1060.928,-0.816,0,0.578,0,1,0,-0.578,0,-0.816,13.068,-0.811,9.231,"S","J"],[1087.032,-1.519,-1060.774,-0.816,0,0.578,0,1,0,-0.578,0,-0.816,13.062,0.858,9.241,"S","J"],[1087.25,-1.506,-1060.62,-0.847,0,0.532,0,1,0,-0.532,0,-0.847,13.061,0.673,9.241,"S","J"],[1087.474,-1.413,-1060.476,-0.94,0,0.341,0,1,0,-0.341,0,-0.94,13.535,6.319,8.531,"S","J"],[1087.721,-1.326,-1060.376,-0.996,0,0.093,0,1,0,-0.093,0,-0.996,14.962,4.382,5.651,"S","J"],[1087.984,-1.273,-1060.338,-0.977,0,-0.213,0,1,0,0.213,0,-0.977,15.889,2.535,1.795,"S","J"],[1088.246,-1.243,-1060.374,-0.935,0,-0.355,0,1,0,0.355,0,-0.935,15.697,1.404,-3,"S",1],[1088.507,-0.37,-1060.424,-0.922,0,-0.387,0,1,0,0.387,0,-0.922,15.697,51.365,-3,3,"J"],[1088.762,0.452,-1060.498,-0.884,0,-0.468,0,1,0,0.468,0,-0.884,15.034,48.095,-5.29,5,"J"],[1089.009,1.219,-1060.598,-0.868,0,-0.497,0,1,0,0.497,0,-0.868,14.793,44.825,-6.091,"S","J"],["s","v","S","J"],[1089.254,1.932,-1060.675,-0.95,0,-0.312,0,1,0,0.312,0,-0.95,14.601,41.555,-3.716,"S","J"],[1089.494,2.591,-1060.712,-0.964,0,-0.267,0,1,0,0.267,0,-0.964,14.363,38.285,-1.344,"S","J"],[1089.707,3.195,-1060.734,-0.974,0,-0.228,0,1,0,0.228,0,-0.974,12.32,35.015,-0.905,"S","J"],[1089.905,3.742,-1060.804,-0.984,-0.001,-0.18,0,1,-0.007,0.18,-0.007,-0.984,11.938,31.553,-2.332,"S","J"],[1090.055,4.116,-1060.816,-0.996,-0.001,-0.094,0,1,-0.008,0.094,-0.008,-0.996,11.993,29.102,-0.286,"S","J"],[1090.239,4.567,-1060.855,-0.997,0,-0.078,0.001,1,-0.005,0.078,-0.005,-0.997,11.304,25.832,-0.027,"S","J"],[1090.419,4.964,-1060.884,-0.999,0.001,-0.044,0.001,1,-0.002,0.044,-0.002,-0.999,11.105,22.562,0.281,"S","J"],[1090.598,5.307,-1060.891,-1,0,-0.02,0,1,-0.001,0.02,-0.001,-1,11.269,19.292,1.106,12,"J"],[1090.893,6.056,-1061.321,-0.992,0,0.126,0,1,0.001,-0.126,0.001,-0.992,17.694,43.659,-25.774,3,"J"],[1091.259,6.914,-1061.821,-0.997,0,0.076,0,1,0.001,-0.076,0.001,-0.997,17.484,39.571,-22.839,5,"J"],[1091.548,7.539,-1062.177,-0.995,0,0.102,0,1,0,-0.102,0,-0.995,17.313,36.301,-20.457,"S","J"],[1091.835,8.11,-1062.493,-0.995,0,0.101,0,1,0,-0.101,0,-0.995,17.141,33.031,-18.076,"S","J"],[1092.119,8.627,-1062.77,-0.995,0,0.101,0,1,0,-0.101,0,-0.995,16.968,29.761,-15.697,"S","J"],[1092.4,9.089,-1063.007,-0.995,0,0.101,0,1,0,-0.101,0,-0.995,16.796,26.491,-13.32,"S","J"],[1092.678,9.496,-1063.204,-0.995,0,0.101,0,1,0,-0.101,0,-0.995,16.624,23.221,-10.943,"S","J"],[1092.953,9.849,-1063.362,-0.995,0,0.101,0,1,0,-0.101,0,-0.995,16.451,19.951,-8.566,"S","J"],[1093.203,10.148,-1063.503,-0.994,0,0.106,0,1,0,-0.106,0,-0.994,14.074,16.681,-8.404,"S","J"],["s","v","S",0],[1093.444,10.392,-1063.619,1,0,-0.008,0,1,0,0.008,0,1,14.684,13.411,-6.1,"S","J"],[1093.759,10.62,-1063.71,0.997,0,-0.077,0,1,0,0.077,0,0.997,15.447,9.324,-3.221,"S","J"],[1093.889,10.756,-1063.737,0.999,0,0.047,0,1,0,-0.047,0,0.999,7.884,11.101,-1.644,12,"J"],[1094.049,11.057,-1063.755,0.997,0,0.077,0,1,0,-0.077,0,0.997,14.851,26.22,-1.39,8,"J"],[1094.312,11.431,-1063.778,0.997,0,0.083,0,1,0,-0.083,0,0.997,15.921,19.128,-1.351,"S","J"],["s","v","S","J"],[1094.575,11.663,-1063.82,0.985,0,0.17,0,1,0,-0.17,0,0.985,15.771,11.182,-2.691,"S","J"],[1094.838,11.794,-1063.865,0.985,0,0.174,0,1,0,-0.174,0,0.985,15.768,6.21,-2.717,"S","J"],[1095.035,11.852,-1063.9,0.985,0,0.174,0,1,0,-0.174,0,0.985,15.756,3.955,-2.786,"S","J"],[1095.363,11.905,-1063.958,0.983,0,0.183,0,1,0,-0.183,0,0.983,15.755,1.855,-2.789,"S","J"],[1095.625,11.927,-1064.006,0.983,0,0.183,0,1,0,-0.183,0,0.983,15.73,1.01,-2.929,"S","J"],[1095.888,11.938,-1064.055,0.982,0,0.188,0,1,0,-0.188,0,0.982,15.729,0.55,-2.932,"S","J"],[1096.084,11.944,-1064.093,0.982,0,0.188,0,1,0,-0.188,0,0.982,15.716,0.349,-3,"S","J"],[1096.411,11.948,-1064.155,0.981,0,0.192,0,1,0,-0.192,0,0.981,15.716,0.163,-3.004,"S","J"],[1096.673,11.95,-1064.206,0.98,0,0.197,0,1,0,-0.197,0,0.98,15.702,0.089,-3.073,"S","J"],["s","v","S","J"],[1096.936,11.951,-1064.25,0.986,0,0.167,0,1,0,-0.167,0,0.986,15.801,0.048,-2.514,"S","J"],[1097.199,11.952,-1064.292,0.985,0,0.171,0,1,0,-0.171,0,0.985,15.792,0.026,-2.573,"S","J"],["s","v","S","J"],[1097.462,11.952,-1064.339,0.99,0,0.138,0,1,0,-0.138,0,0.99,15.747,0.014,-2.855,"S","J"],[1097.724,11.952,-1064.387,0.985,0,0.174,0,1,0,-0.174,0,0.985,15.742,0.008,-2.861,"S","J"],[1097.986,11.952,-1064.435,0.986,0,0.169,0,1,0,-0.169,0,0.986,15.742,0.004,-2.861,"S","J"],[1098.249,11.952,-1064.481,0.986,0,0.165,0,1,0,-0.165,0,0.986,15.767,0.002,-2.721,"S","J"],[1098.512,11.952,-1064.525,0.986,0,0.165,0,1,0,-0.165,0,0.986,15.779,0.001,-2.648,"S","J"],[1098.775,11.952,-1064.569,0.986,0,0.165,0,1,0,-0.165,0,0.986,15.78,0.001,-2.646,"S","J"],[1099.038,11.952,-1064.613,0.986,0,0.165,0,1,0,-0.165,0,0.986,15.78,0,-2.646,"S","J"],[1099.288,11.952,-1064.606,0.956,-0.001,0.294,0.006,1,-0.014,-0.294,0.016,0.956,15.164,-0.014,-2.986,"S","J"],[1099.528,11.952,-1064.547,0.934,-0.001,0.358,0.006,1,-0.013,-0.358,0.014,0.934,14.416,0.001,-1.92,"S",1],["s","v","S","J"],[1099.767,13.1,-1064.304,0.707,0.02,0.707,0.007,0.999,-0.035,-0.707,0.029,0.707,14.299,68.899,-1.415,3,"J"],[1099.946,13.961,-1064.276,0.612,0.034,0.79,0.006,0.999,-0.047,-0.791,0.033,0.612,14.281,68.899,-1.119,"S","J"],[1100.184,15.109,-1064.269,0.538,0.051,0.841,0.006,0.998,-0.065,-0.843,0.04,0.537,14.257,68.899,-0.796,"S","J"],[1100.398,16.214,-1064.207,0.499,0.031,0.866,-0.001,0.999,-0.035,-0.866,0.016,0.499,12.437,65.07,-1.034,5,"J"],[1100.596,17.264,-1064.245,0.46,0.01,0.888,-0.004,1,-0.009,-0.888,0,0.46,11.641,61.783,-2.991,"S","J"],[1100.781,18.26,-1064.315,0.384,0.001,0.923,-0.003,1,0,-0.923,-0.003,0.384,10.723,58.51,-4.976,"S","J"],[1100.947,19.201,-1064.419,0.308,-0.001,0.952,-0.001,1,0.001,-0.952,-0.001,0.308,9.521,55.24,-6.976,"S",0],[1101.089,20.088,-1064.553,0.176,-0.001,0.984,0,1,0.001,-0.984,0,0.176,7.864,51.97,-8.69,"S","J"],[1101.203,20.92,-1064.715,0.171,0,0.985,0,1,0,-0.985,0,0.171,6.188,48.7,-10.398,"S","J"],["s","v","S","J"],[1101.3,21.883,-1064.952,0.037,0,0.999,0,1,0,-0.999,0,0.037,3.698,44.613,-12.034,"S","J"],[1101.334,22.421,-1065.111,-0.02,0,1,0,1,0,-1,0,-0.02,2.21,42.16,-13.025,"S","J"],[1101.35,23.089,-1065.342,0.018,0,1,0,1,0,-1,0,0.018,0.251,38.89,-14.382,"S","J"],[1101.335,23.703,-1065.596,0.027,0,1,0,1,0,-1,0,0.027,-1.603,35.62,-15.719,"S","J"],[1101.307,24.263,-1065.861,0.031,0,1,0,1,0,-1,0,0.031,-1.698,32.35,-15.906,"S","J"],[1101.279,24.768,-1066.126,0.031,0,1,0,1,0,-1,0,0.031,-1.629,29.08,-15.917,"S","J"],[1101.252,25.219,-1066.391,0.031,0,1,0,1,0,-1,0,0.031,-1.628,25.81,-15.917,"S","J"],[1101.225,25.615,-1066.657,0.031,0,1,0,1,0,-1,0,0.031,-1.628,22.54,-15.917,"S","J"],[1101.197,25.956,-1066.922,0.031,0,1,0,1,0,-1,0,0.031,-1.628,19.27,-15.917,"S","J"],[1101.163,26.307,-1067.253,0.065,0,0.998,0,1,0,-0.998,0,0.065,-1.628,15.183,-15.917,"S","J"],[1101.143,26.476,-1067.452,-0.002,0,1,0,1,0,-1,0,-0.002,-1.628,12.73,-15.917,"S","J"],[1101.115,26.654,-1067.717,0.031,0,1,0,1,0,-1,0,0.031,-1.628,9.46,-15.917,"S","J"],[1101.081,26.8,-1068.049,0.065,0,0.998,0,1,0,-0.998,0,0.065,-1.628,5.373,-15.917,"S","J"],[1101.061,26.847,-1068.247,-0.002,0,1,0,1,0,-1,0,-0.002,-1.628,2.92,-15.917,"S","J"],[1101.033,26.862,-1068.513,0.031,0,1,0,1,0,-1,0,0.031,-1.628,-0.35,-15.917,"S","J"],[1100.999,26.803,-1068.844,0.065,0,0.998,0,1,0,-0.998,0,0.065,-1.628,-4.437,-15.917,"S","J"],[1100.979,26.727,-1069.043,-0.002,0,1,0,1,0,-1,0,-0.002,-1.628,-6.89,-15.917,"S","J"],["s","v","S",1],[1101.214,26.816,-1069.297,0.583,0.007,0.813,-0.003,1,-0.007,-0.813,0.002,0.583,-0.177,7.689,-15.268,7,"J"],[1101.233,26.907,-1069.55,0.607,0.007,0.795,-0.001,1,-0.008,-0.795,0.004,0.607,0.468,4.137,-15.156,"S","J"],[1101.241,26.942,-1069.778,0.606,0.004,0.796,-0.001,1,-0.004,-0.796,0.002,0.606,0.499,0.859,-12.797,8,"J"],[1101.25,27.825,-1069.992,0.603,0,0.798,0,1,0,-0.798,0,0.603,0.499,53,-12.797,3,"J"],[1101.267,28.67,-1070.22,0.653,0.007,0.758,-0.003,1,-0.007,-0.758,0.002,0.653,0.97,49.268,-14.137,5,"J"],[1101.278,29.454,-1070.468,0.671,-0.001,0.741,0.001,1,0.001,-0.741,0.001,0.671,1.311,45.277,-15.127,"S",0],[1101.304,30.173,-1070.726,0.691,-0.003,0.723,0.003,1,0.002,-0.723,0.001,0.691,1.639,41.737,-15.759,"S","J"],[1101.305,30.834,-1070.99,0.7,0,0.714,0.001,1,-0.001,-0.714,0.001,0.7,-0.856,38.467,-15.883,"S","J"],[1101.298,31.439,-1071.254,0.698,0.007,0.716,-0.003,1,-0.007,-0.716,0.003,0.698,2.19,34.731,-15.707,"S","J"],[1101.304,31.984,-1071.518,0.698,0.009,0.716,-0.004,1,-0.009,-0.716,0.003,0.698,-0.667,31.465,-15.913,"S","J"],[1101.301,32.474,-1071.784,0.699,0.011,0.715,-0.005,1,-0.01,-0.715,0.003,0.699,1.563,27.944,-15.899,"S","J"],[1101.296,32.905,-1072.05,0.7,0.011,0.715,-0.005,1,-0.01,-0.715,0.003,0.7,-1.289,24.68,-15.958,"S","J"],[1101.304,33.281,-1072.316,0.698,0.015,0.716,-0.007,1,-0.014,-0.716,0.005,0.698,1.056,21.178,-15.964,"S","J"],[1101.342,33.6,-1072.578,0.399,0.01,0.917,-0.004,1,-0.009,-0.917,0,0.399,3.108,17.911,-15.561,"S","J"],[1101.43,33.922,-1072.898,0.438,0.002,0.899,-0.001,1,-0.001,-0.899,-0.001,0.438,4.47,13.823,-15.333,"S","J"],[1101.486,34.074,-1073.089,0.379,0,0.926,0,1,0,-0.926,0,0.379,4.526,11.37,-15.332,"S","J"],[1101.561,34.229,-1073.345,0.409,0,0.912,0,1,0,-0.912,0,0.409,4.549,8.1,-15.336,"S","J"],[1101.656,34.347,-1073.665,0.439,0,0.898,0,1,0,-0.898,0,0.439,4.552,4.013,-15.339,"S","J"],[1101.713,34.377,-1073.857,0.379,0,0.926,0,1,0,-0.926,0,0.379,4.551,1.56,-15.34,"S","J"],[1101.789,34.369,-1074.113,0.409,0,0.912,0,1,0,-0.912,0,0.409,4.55,-1.71,-15.34,"S","J"],[1101.864,34.306,-1074.369,0.409,0,0.912,0,1,0,-0.912,0,0.409,4.55,-4.98,-15.34,"S","J"],[1101.94,34.189,-1074.625,0.409,0,0.912,0,1,0,-0.912,0,0.409,4.55,-8.25,-15.34,"S","J"],[1102.016,34.018,-1074.88,0.409,0,0.912,0,1,0,-0.912,0,0.409,4.55,-11.52,-15.34,"S","J"],[1102.087,33.726,-1075.206,0.356,0,0.934,0,1,0,-0.934,0,0.356,3.157,-15.607,-15.685,"S","J"],[1102.139,33.432,-1075.467,0.329,0,0.944,0,1,0,-0.944,0,0.329,3.141,-18.877,-15.689,"S","J"],[1102.192,33.084,-1075.729,0.329,0,0.944,0,1,0,-0.944,0,0.329,3.21,-22.147,-15.675,"S","J"],[1102.233,32.786,-1075.924,0.297,0,0.955,0,1,0,-0.955,0,0.297,3.212,-24.6,-15.674,"S","J"],[1102.286,32.342,-1076.186,0.329,0,0.944,0,1,0,-0.944,0,0.329,3.212,-27.87,-15.674,"S","J"],[1102.34,31.844,-1076.447,0.329,0,0.944,0,1,0,-0.944,0,0.329,3.212,-31.14,-15.674,"S","J"],[1102.407,31.144,-1076.773,0.36,0,0.933,0,1,0,-0.933,0,0.36,3.212,-35.227,-15.674,"S","J"],[1102.448,30.683,-1076.969,0.297,0,0.955,0,1,0,-0.955,0,0.297,3.212,-37.68,-15.674,"S","J"],[1102.515,29.847,-1077.296,0.365,0,0.931,0,1,0,-0.931,0,0.365,3.212,-41.767,-15.674,"S","J"],[1102.556,29.304,-1077.492,0.302,0,0.953,0,1,0,-0.953,0,0.302,3.279,-44.22,-15.66,"S","J"],[1102.61,28.533,-1077.753,0.333,0,0.943,0,1,0,-0.943,0,0.333,3.283,-47.49,-15.66,"S","J"],[1102.665,27.708,-1078.014,0.333,0,0.943,0,1,0,-0.943,0,0.333,3.283,-50.76,-15.66,"S","J"],[1102.72,26.828,-1078.276,0.239,0,0.971,0,1,0,-0.971,0,0.239,3.283,-54.03,-15.66,7,"J"],[1102.774,26.622,-1078.537,0.207,0,0.978,0,1,0,-0.978,0,0.207,3.283,-0.402,-15.66,"S","J"],[1102.829,26.683,-1078.798,0.205,0,0.979,0,1,0,-0.979,0,0.205,3.283,4.369,-15.66,8,"J"],[1102.89,26.744,-1079.057,0.232,0,0.973,0,1,0,-0.973,0,0.232,3.7,3.104,-15.566,"S","J"],[1102.952,26.782,-1079.317,0.232,0,0.973,0,1,0,-0.973,0,0.232,3.708,1.805,-15.564,"S","J"],[1103.014,26.803,-1079.576,0.232,0,0.973,0,1,0,-0.973,0,0.232,3.708,1.001,-15.564,"S","J"],[1103.076,26.815,-1079.835,0.232,0,0.973,0,1,0,-0.973,0,0.232,3.708,0.548,-15.564,"S","J"],[1103.138,26.821,-1080.095,0.232,0,0.973,0,1,0,-0.973,0,0.232,3.708,0.299,-15.564,"S","J"],[1103.2,26.824,-1080.354,0.232,0,0.973,0,1,0,-0.973,0,0.232,3.708,0.163,-15.564,"S","J"],[1103.262,26.826,-1080.613,0.232,0,0.973,0,1,0,-0.973,0,0.232,3.708,0.089,-15.564,"S","J"],[1103.324,26.827,-1080.872,0.232,0,0.973,0,1,0,-0.973,0,0.232,3.708,0.048,-15.564,"S","J"],[1103.386,26.828,-1081.132,0.232,0,0.973,0,1,0,-0.973,0,0.232,3.708,0.026,-15.564,"S","J"],[1103.448,26.828,-1081.391,0.232,0,0.973,0,1,0,-0.973,0,0.232,3.708,0.014,-15.564,"S","J"],[1103.51,26.828,-1081.65,0.232,0,0.973,0,1,0,-0.973,0,0.232,3.708,0.008,-15.564,"S","J"],[1103.572,26.828,-1081.91,0.232,0,0.973,0,1,0,-0.973,0,0.232,3.708,0.004,-15.564,"S","J"],[1103.634,26.828,-1082.169,0.232,0,0.973,0,1,0,-0.973,0,0.232,3.708,0.002,-15.564,"S","J"],[1103.696,26.828,-1082.428,0.232,0,0.973,0,1,0,-0.973,0,0.232,3.708,0.001,-15.564,"S","J"],[1103.758,26.828,-1082.687,0.232,0,0.973,0,1,0,-0.973,0,0.232,3.708,0.001,-15.564,"S","J"],[1103.82,26.828,-1082.947,0.232,0,0.973,0,1,0,-0.973,0,0.232,3.708,0,-15.564,"S","J"],[1103.882,26.828,-1083.206,0.232,0,0.973,0,1,0,-0.973,0,0.232,3.708,0,-15.564,"S","J"],[1103.944,26.828,-1083.465,0.232,0,0.973,0,1,0,-0.973,0,0.232,3.708,0,-15.564,"S","J"],[1104.006,26.828,-1083.724,0.232,0,0.973,0,1,0,-0.973,0,0.232,3.708,0,-15.564,"S","J"],[1104.083,26.828,-1084.049,0.232,0,0.973,0,1,0,-0.973,0,0.232,3.708,0,-15.564,"S","J"],[1104.13,26.828,-1084.243,0.232,0,0.973,0,1,0,-0.973,0,0.232,"v","S","J"],[1104.207,26.828,-1084.567,0.232,0,0.973,0,1,0,-0.973,0,0.232,"v","S","J"],[1104.269,26.828,-1084.826,0.232,0,0.973,0,1,0,-0.973,0,0.232,3.708,0,-15.564,"S","J"],[1104.316,26.828,-1085.021,0.232,0,0.973,0,1,0,-0.973,0,0.232,3.708,0,-15.564,"S","J"],[1104.393,26.828,-1085.345,0.232,0,0.973,0,1,0,-0.973,0,0.232,"v","S","J"],[1104.455,26.828,-1085.604,0.232,0,0.973,0,1,0,-0.973,0,0.232,"v","S","J"],[1104.502,26.828,-1085.799,0.232,0,0.973,0,1,0,-0.973,0,0.232,"v","S","J"],[1104.564,26.828,-1086.058,0.232,0,0.973,0,1,0,-0.973,0,0.232,"v","S","J"],[1104.626,26.828,-1086.317,0.232,0,0.973,0,1,0,-0.973,0,0.232,"v","S","J"],[1104.688,26.828,-1086.577,0.232,0,0.973,0,1,0,-0.973,0,0.232,"v","S","J"],[1104.75,26.828,-1086.836,0.232,0,0.973,0,1,0,-0.973,0,0.232,"v","S","J"],[1104.812,26.828,-1087.095,0.232,0,0.973,0,1,0,-0.973,0,0.232,"v","S","J"],[1104.874,26.828,-1087.354,0.232,0,0.973,0,1,0,-0.973,0,0.232,"v","S","J"],[1104.936,26.828,-1087.614,0.232,0,0.973,0,1,0,-0.973,0,0.232,"v","S","J"],[1104.983,26.828,-1087.808,0.232,0,0.973,0,1,0,-0.973,0,0.232,"v","S","J"],[1105.06,26.828,-1088.132,0.232,0,0.973,0,1,0,-0.973,0,0.232,3.708,0,-15.564,"S","J"],[1105.138,26.828,-1088.456,0.232,0,0.973,0,1,0,-0.973,0,0.232,3.708,0,-15.564,"S","J"],[1105.2,26.828,-1088.716,0.232,0,0.973,0,1,0,-0.973,0,0.232,"v","S","J"],[1105.262,26.828,-1088.975,0.232,0,0.973,0,1,0,-0.973,0,0.232,"v","S","J"],[1105.324,26.828,-1089.234,0.232,0,0.973,0,1,0,-0.973,0,0.232,"v","S","J"],[1105.386,26.828,-1089.493,0.232,0,0.973,0,1,0,-0.973,0,0.232,"v","S","J"],[1105.432,26.828,-1089.688,0.232,0,0.973,0,1,0,-0.973,0,0.232,3.708,0,-15.564,"S","J"],[1105.494,26.828,-1089.947,0.232,0,0.973,0,1,0,-0.973,0,0.232,3.708,0,-15.564,"S","J"],[1105.556,26.828,-1090.206,0.232,0,0.973,0,1,0,-0.973,0,0.232,"v","S","J"],[1105.618,26.828,-1090.466,0.232,0,0.973,0,1,0,-0.973,0,0.232,"v","S","J"],[1105.68,26.828,-1090.725,0.232,0,0.973,0,1,0,-0.973,0,0.232,"v","S","J"],[1105.742,26.828,-1090.984,0.232,0,0.973,0,1,0,-0.973,0,0.232,"v","S","J"],[1105.804,26.828,-1091.244,0.232,0,0.973,0,1,0,-0.973,0,0.232,"v","S","J"],[1105.866,26.828,-1091.503,0.232,0,0.973,0,1,0,-0.973,0,0.232,3.708,0,-15.564,"S","J"],[1105.928,26.828,-1091.762,0.232,0,0.973,0,1,0,-0.973,0,0.232,3.708,0,-15.564,"S","J"],["s","v","S","J"],[1105.975,26.828,-1091.957,0.232,0,0.973,0,1,0,-0.973,0,0.232,"v","S","J"],[1106.052,26.828,-1092.281,0.232,0,0.973,0,1,0,-0.973,0,0.232,3.708,0,-15.564,"S","J"],[1106.099,26.828,-1092.475,0.232,0,0.973,0,1,0,-0.973,0,0.232,3.708,0,-15.564,"S","J"],[1106.161,26.828,-1092.734,0.232,0,0.973,0,1,0,-0.973,0,0.232,"v","S","J"],[1106.223,26.828,-1092.994,0.232,0,0.973,0,1,0,-0.973,0,0.232,"v","S","J"],["s","v","S","J"],[1106.285,26.828,-1093.253,0.232,0,0.973,0,1,0,-0.973,0,0.232,"v","S","J"],["s","v","S","J"],[1106.347,26.828,-1093.512,0.232,0,0.973,0,1,0,-0.973,0,0.232,"v","S","J"],[1106.409,26.828,-1093.771,0.232,0,0.973,0,1,0,-0.973,0,0.232,3.708,0,-15.564,"S","J"],[1106.471,26.828,-1094.031,0.232,0,0.973,0,1,0,-0.973,0,0.232,3.708,0,-15.564,"S","J"],[1106.533,26.828,-1094.29,0.232,0,0.973,0,1,0,-0.973,0,0.232,"v","S","J"],[1106.595,26.828,-1094.549,0.232,0,0.973,0,1,0,-0.973,0,0.232,"v","S","J"],[1106.657,26.828,-1094.809,0.232,0,0.973,0,1,0,-0.973,0,0.232,"v","S","J"],[1106.719,26.828,-1095.068,0.232,0,0.973,0,1,0,-0.973,0,0.232,"v","S","J"],[1106.781,26.794,-1095.327,0.232,0,0.973,0,1,0,-0.973,0,0.232,3.708,-3.27,-15.564,"S","J"],[1106.843,26.706,-1095.586,0.232,0,0.973,0,1,0,-0.973,0,0.232,3.708,-6.54,-15.564,"S","J"],[1106.905,26.563,-1095.846,0.232,0,0.973,0,1,0,-0.973,0,0.232,3.708,-9.81,-15.564,"S","J"],[1106.967,26.365,-1096.105,0.232,0,0.973,0,1,0,-0.973,0,0.232,3.708,-13.08,-15.564,"S","J"],[1107.029,26.113,-1096.364,0.232,0,0.973,0,1,0,-0.973,0,0.232,3.708,-16.35,-15.564,"S",1],[1107.091,26.986,-1096.624,0.232,0,0.973,0,1,0,-0.973,0,0.232,3.708,51.365,-15.564,3,"J"],[1107.153,27.808,-1096.883,0.32,0,0.947,0,1,0,-0.947,0,0.32,3.708,48.095,-15.564,5,"J"],[1107.215,28.576,-1097.142,0.354,0,0.935,0,1,0,-0.935,0,0.354,3.708,44.825,-15.564,"S","J"],[1107.277,29.289,-1097.401,0.358,0,0.934,0,1,0,-0.934,0,0.358,3.708,41.555,-15.564,"S","J"],[1107.339,29.947,-1097.661,0.359,0,0.933,0,1,0,-0.933,0,0.359,3.708,38.285,-15.564,"S","J"],[1107.401,30.551,-1097.92,0.359,0,0.933,0,1,0,-0.933,0,0.359,3.708,35.015,-15.564,"S","J"],[1107.463,31.101,-1098.179,0.359,0,0.933,0,1,0,-0.933,0,0.359,3.708,31.745,-15.564,"S","J"],[1107.525,31.596,-1098.438,0.359,0,0.933,0,1,0,-0.933,0,0.359,3.708,28.475,-15.564,"S","J"],[1107.587,32.036,-1098.698,0.359,0,0.933,0,1,0,-0.933,0,0.359,3.708,25.205,-15.564,"S","J"],[1107.649,32.422,-1098.957,0.359,0,0.933,0,1,0,-0.933,0,0.359,3.708,21.935,-15.564,"S","J"],[1107.727,32.828,-1099.281,0.39,0,0.921,0,1,0,-0.921,0,0.39,3.708,17.847,-15.564,"S","J"],[1107.773,33.031,-1099.476,0.328,0,0.945,0,1,0,-0.945,0,0.328,3.708,15.395,-15.564,"S","J"],[1107.835,33.254,-1099.735,0.359,0,0.933,0,1,0,-0.933,0,0.359,3.708,12.125,-15.564,"S","J"],[1107.897,33.422,-1099.994,0.359,0,0.933,0,1,0,-0.933,0,0.359,3.708,8.855,-15.564,"S","J"],[1107.959,33.535,-1100.253,0.359,0,0.933,0,1,0,-0.933,0,0.359,3.708,5.585,-15.564,"S","J"],[1108.021,33.594,-1100.513,0.359,0,0.933,0,1,0,-0.933,0,0.359,3.708,2.315,-15.564,"S","J"],[1108.083,33.599,-1100.772,0.359,0,0.933,0,1,0,-0.933,0,0.359,3.708,-0.955,-15.564,"S","J"],[1108.145,33.549,-1101.031,0.359,0,0.933,0,1,0,-0.933,0,0.359,3.708,-4.225,-15.564,"S","J"],[1108.207,33.444,-1101.291,0.359,0,0.933,0,1,0,-0.933,0,0.359,3.708,-7.495,-15.564,"S","J"],[1108.269,33.285,-1101.55,0.359,0,0.933,0,1,0,-0.933,0,0.359,3.708,-10.765,-15.564,"S","J"],[1108.331,33.072,-1101.809,0.359,0,0.933,0,1,0,-0.933,0,0.359,3.708,-14.035,-15.564,"S","J"],[1108.393,32.804,-1102.068,0.359,0,0.933,0,1,0,-0.933,0,0.359,3.708,-17.305,-15.564,"S","J"],[1108.455,32.481,-1102.328,0.359,0,0.933,0,1,0,-0.933,0,0.359,3.708,-20.575,-15.564,"S","J"],[1108.533,32.001,-1102.652,0.39,0,0.921,0,1,0,-0.921,0,0.39,3.708,-24.663,-15.564,"S","J"],[1108.595,31.556,-1102.911,0.359,0,0.933,0,1,0,-0.933,0,0.359,3.708,-27.933,-15.564,"S","J"],[1108.641,31.187,-1103.105,0.328,0,0.945,0,1,0,-0.945,0,0.328,3.708,-30.385,-15.564,"S","J"],[1108.719,30.503,-1103.43,0.39,0,0.921,0,1,0,-0.921,0,0.39,3.708,-34.473,-15.564,"S","J"],[1108.781,29.894,-1103.689,0.359,0,0.933,0,1,0,-0.933,0,0.359,3.708,-37.743,-15.564,"S","J"],[1108.843,29.231,-1103.948,0.359,0,0.933,0,1,0,-0.933,0,0.359,3.708,-41.013,-15.564,"S","J"],[1108.889,28.698,-1104.143,0.328,0,0.945,0,1,0,-0.945,0,0.328,3.708,-43.465,-15.564,"S","J"],[1108.951,27.939,-1104.402,0.359,0,0.933,0,1,0,-0.933,0,0.359,3.708,-46.735,-15.564,"S","J"],[1109.013,27.126,-1104.661,0.359,0,0.933,0,1,0,-0.933,0,0.359,3.708,-50.005,-15.564,"S",0],[1109.075,26.259,-1104.92,0.359,0,0.933,0,1,0,-0.933,0,0.359,3.708,-53.275,-15.564,"S","J"],[1109.137,25.337,-1105.18,0.359,0,0.933,0,1,0,-0.933,0,0.359,3.708,-56.545,-15.564,"S","J"],[1109.199,24.36,-1105.439,0.359,0,0.933,0,1,0,-0.933,0,0.359,3.708,-59.815,-15.564,"S","J"],[1109.261,23.329,-1105.698,0.359,0,0.933,0,1,0,-0.933,0,0.359,3.708,-63.085,-15.564,"S","J"],[1109.323,22.244,-1105.958,0.359,0,0.933,0,1,0,-0.933,0,0.359,3.708,-66.355,-15.564,"S","J"],[1109.385,22.081,-1106.216,0.266,0,0.964,0,1,0,-0.964,0,0.266,3.699,-1.312,-15.525,7,"J"],[1109.446,22.078,-1106.475,0.234,0,0.972,0,1,0,-0.972,0,0.234,3.698,-0.026,-15.524,"S","J"],[1109.508,21.984,-1106.734,0.232,0,0.973,0,1,0,-0.973,0,0.232,3.698,-7.104,-15.524,8,"J"],[1109.464,21.842,-1106.974,-0.578,0,0.816,0,1,0,-0.816,0,-0.578,-6.451,-7.917,-13.768,"S","J"],[1109.324,21.811,-1107.198,-0.559,0,0.829,0,1,0,-0.829,0,-0.559,-8.669,-0.523,-13.355,"S","J"],[1109.179,21.833,-1107.421,-0.548,0,0.836,0,1,0,-0.836,0,-0.548,-8.713,0.996,-13.347,"S","J"],[1109.034,21.784,-1107.642,-0.547,0,0.837,0,1,0,-0.837,0,-0.547,-8.684,-4.319,-13.301,"S","J"],[1108.89,21.678,-1107.864,-0.547,0,0.837,0,1,0,-0.837,0,-0.547,-8.684,-7.589,-13.3,"S","J"],[1108.746,21.517,-1108.085,-0.547,0,0.837,0,1,0,-0.837,0,-0.547,-8.645,-10.859,-13.241,"S","J"],[1108.602,21.42,-1108.306,-0.547,0,0.837,0,1,0,-0.837,0,-0.547,-8.644,-1.98,-13.239,"S","J"],[1108.458,21.389,-1108.526,-0.547,0,0.837,0,1,0,-0.837,0,-0.547,-8.644,-2.37,-13.239,"S","J"],[1108.314,21.348,-1108.747,-0.547,0,0.837,0,1,0,-0.837,0,-0.547,-8.644,-2.449,-13.239,"S","J"],["s","v","S","J"],[1108.173,21.273,-1108.97,-0.532,-0.001,0.847,0.001,1,0.002,-0.847,0.002,-0.532,-8.444,-5.719,-13.4,"S","J"],[1108.033,21.225,-1109.194,-0.528,0,0.849,0,1,0.001,-0.849,0.001,-0.528,-8.407,-2.481,-13.395,"S","J"],[1107.893,21.149,-1109.417,-0.528,0,0.85,0,1,0,-0.85,0,-0.528,-8.349,-5.751,-13.431,"S","J"],[1107.754,21.082,-1109.641,-0.528,0,0.85,0,1,0,-0.85,0,-0.528,-8.345,-2.626,-13.436,"S","J"],[1107.615,21.041,-1109.866,-0.528,0,0.85,0,1,0,-0.85,0,-0.528,-8.345,-2.411,-13.438,"S","J"],[1107.476,21.031,-1110.09,-0.528,0,0.85,0,1,0,-0.85,0,-0.528,-8.345,-0.948,-13.438,"S","J"],[1107.336,20.953,-1110.315,-0.528,0,0.85,0,1,0,-0.85,0,-0.528,-8.397,-5.972,-13.522,"S","J"],[1107.196,20.89,-1110.54,-0.528,0,0.85,0,1,0,-0.85,0,-0.528,-8.387,-2.068,-13.506,"S","J"],[1107.056,20.822,-1110.766,-0.528,0,0.85,0,1,0,-0.85,0,-0.528,-8.416,-5.338,-13.553,"S","J"],[1106.916,20.808,-1110.991,-0.528,0,0.85,0,1,0,-0.85,0,-0.528,-8.407,0.237,-13.537,"S","J"],[1106.776,20.778,-1111.218,-0.528,0,0.85,0,1,0,-0.85,0,-0.528,-8.425,-3.033,-13.567,"S","J"],[1106.635,20.756,-1111.444,-0.528,0,0.85,0,1,0,-0.85,0,-0.528,-8.426,-1.002,-13.568,"S","J"],[1106.495,20.775,-1111.669,-0.528,0,0.85,0,1,0,-0.85,0,-0.528,-8.407,1.407,-13.538,"S","J"],[1106.347,20.789,-1111.89,-0.569,0,0.822,0,1,0,-0.822,0,-0.569,-8.939,0.471,-13.186,"S","J"],[1106.196,20.772,-1112.108,-0.569,0,0.822,0,1,0,-0.822,0,-0.569,-9.066,-1.441,-13.098,"S","J"],[1106.045,20.766,-1112.326,-0.569,0,0.822,0,1,0,-0.822,0,-0.569,-9.046,-0.814,-13.064,"S","J"],[1105.894,20.737,-1112.544,-0.569,0,0.822,0,1,0,-0.822,0,-0.569,-9.046,-1.857,-13.063,"S","J"],[1105.744,20.706,-1112.761,-0.569,0,0.822,0,1,0,-0.822,0,-0.569,-9.046,-1.877,-13.063,"S",1],[1105.593,21.579,-1112.979,-0.569,0,0.822,0,1,0,-0.822,0,-0.569,-9.046,51.365,-13.063,3,"J"],[1105.441,22.401,-1113.198,-0.491,0,0.871,0,1,0,-0.871,0,-0.491,-9.107,48.095,-13.153,5,"J"],[1105.289,23.168,-1113.417,-0.459,0,0.888,0,1,0,-0.888,0,-0.459,-9.108,44.825,-13.154,"S","J"],[1105.137,23.881,-1