[[1048.749,-16.497,-1097.884,-0.997,0,-0.08,0,1,0,0.08,0,-0.997,0,0,0,8,0],["s","v","S","J"],[1048.783,-16.497,-1097.817,-0.994,0,-0.108,0,1,0,0.108,0,-0.994,3.506,0,6.884,"S","J"],[1048.891,-16.497,-1097.605,-0.988,0,-0.156,0,1,0,0.156,0,-0.988,7.061,0,13.866,"S","J"],[1049.011,-16.497,-1097.368,-0.98,0,-0.198,0,1,0,0.198,0,-0.98,7.257,0,14.25,"S","J"],[1049.132,-16.497,-1097.131,-0.972,0,-0.234,0,1,0,0.234,0,-0.972,7.261,0,14.257,"S","J"],[1049.254,-16.497,-1096.893,-0.964,0,-0.265,0,1,0,0.265,0,-0.964,7.261,0,14.258,"S","J"],[1049.375,-16.497,-1096.656,-0.957,0,-0.291,0,1,0,0.291,0,-0.957,7.261,0,14.258,"S","J"],[1049.496,-16.497,-1096.418,-0.95,0,-0.314,0,1,0,0.314,0,-0.95,"v","S","J"],[1049.617,-16.497,-1096.181,-0.943,0,-0.333,0,1,0,0.333,0,-0.943,"v","S","J"],[1049.738,-16.497,-1095.943,-0.937,0,-0.35,0,1,0,0.35,0,-0.937,"v","S","J"],[1049.92,-16.497,-1095.587,-0.929,0,-0.371,0,1,0,0.371,0,-0.929,"v","S","J"],[1049.981,-16.497,-1095.468,-0.926,0,-0.378,0,1,0,0.378,0,-0.926,7.372,0,14.201,"S","J"],[1050.105,-16.497,-1095.232,-0.921,0,-0.39,0,1,0,0.39,0,-0.921,7.453,0,14.158,"S","J"],[1050.231,-16.497,-1094.997,-0.916,0,-0.401,0,1,0,0.401,0,-0.916,7.58,0,14.091,"S","J"],[1050.358,-16.497,-1094.763,-0.912,0,-0.411,0,1,0,0.411,0,-0.912,7.582,0,14.089,"S","J"],[1050.484,-16.497,-1094.528,-0.908,0,-0.42,0,1,0,0.42,0,-0.908,7.582,0,14.089,"S","J"],[1050.611,-16.497,-1094.293,-0.904,0,-0.428,0,1,0,0.428,0,-0.904,7.645,0,14.055,"S","J"],[1050.739,-16.497,-1094.059,-0.901,0,-0.435,0,1,0,0.435,0,-0.901,7.646,0,14.055,"S","J"],[1050.866,-16.497,-1093.825,-0.898,0,-0.44,0,1,0,0.44,0,-0.898,7.646,0,14.055,"S","J"],[1050.994,-16.497,-1093.591,-0.895,0,-0.446,0,1,0,0.446,0,-0.895,7.646,0,14.055,"S","J"],[1051.121,-16.497,-1093.357,-0.893,0,-0.45,0,1,0,0.45,0,-0.893,"v","S",1],[1051.249,-15.624,-1093.122,-0.891,0,-0.454,0,1,0,0.454,0,-0.891,7.646,51.365,14.055,3,"J"],[1051.376,-14.802,-1092.888,-0.889,0,-0.458,0,1,0,0.458,0,-0.889,7.646,48.095,14.055,5,"J"],[1051.504,-14.034,-1092.654,-0.888,0,-0.461,0,1,0,0.461,0,-0.888,7.646,44.825,14.055,"S","J"],[1051.631,-13.321,-1092.419,-0.886,0,-0.463,0,1,0,0.463,0,-0.886,7.646,41.555,14.055,"S","J"],[1051.758,-12.663,-1092.185,-0.885,0,-0.465,0,1,0,0.465,0,-0.885,7.646,38.285,14.055,"S","J"],[1051.885,-12.059,-1091.95,-0.884,0,-0.467,0,1,0,0.467,0,-0.884,7.584,35.015,14.089,"S","J"],[1052.01,-11.509,-1091.714,-0.884,0,-0.467,0,1,0,0.467,0,-0.884,7.457,31.745,14.156,"S",0],[1052.131,-11.014,-1091.477,-0.885,0,-0.466,0,1,0,0.466,0,-0.885,7.265,28.475,14.256,"S","J"],[1052.25,-10.573,-1091.239,-0.886,0,-0.463,0,1,0,0.463,0,-0.886,7.134,25.205,14.322,"S","J"],[1052.368,-10.187,-1090.999,-0.888,0,-0.461,0,1,0,0.461,0,-0.888,7.067,21.935,14.354,"S","J"],[1052.486,-9.856,-1090.76,-0.889,0,-0.458,0,1,0,0.458,0,-0.889,7.066,18.665,14.355,"S","J"],[1052.604,-9.579,-1090.521,-0.89,0,-0.456,0,1,0,0.456,0,-0.89,7.066,15.395,14.355,"S","J"],[1052.721,-9.356,-1090.281,-0.891,0,-0.454,0,1,0,0.454,0,-0.891,7.066,12.125,14.355,"S","J"],[1052.838,-9.188,-1090.042,-0.892,0,-0.452,0,1,0,0.452,0,-0.892,7.002,8.855,14.386,"S","J"],[1052.955,-9.075,-1089.802,-0.893,0,-0.45,0,1,0,0.45,0,-0.893,7.001,5.585,14.387,"S","J"],[1053.071,-9.016,-1089.562,-0.894,0,-0.448,0,1,0,0.448,0,-0.894,7.001,2.315,14.387,"S","J"],[1053.188,-9.011,-1089.323,-0.895,0,-0.447,0,1,0,0.447,0,-0.895,7.001,-0.955,14.387,"S","J"],[1053.305,-9.061,-1089.083,-0.895,0,-0.445,0,1,0,0.445,0,-0.895,7.001,-4.225,14.387,"S","J"],[1053.422,-9.166,-1088.843,-0.896,0,-0.444,0,1,0,0.444,0,-0.896,7.001,-7.495,14.387,"S","J"],[1053.538,-9.325,-1088.603,-0.896,0,-0.443,0,1,0,0.443,0,-0.896,7.001,-10.765,14.387,"S","J"],[1053.655,-9.538,-1088.364,-0.897,0,-0.442,0,1,0,0.442,0,-0.897,7.001,-14.035,14.387,"S","J"],[1053.772,-9.806,-1088.124,-0.897,0,-0.442,0,1,0,0.442,0,-0.897,7.001,-17.305,14.387,"S","J"],[1053.888,-10.129,-1087.884,-0.897,0,-0.441,0,1,0,0.441,0,-0.897,7.001,-20.575,14.387,"S","J"],[1054.059,-10.179,-1087.528,-0.898,0,-0.441,0,1,0,0.441,0,-0.898,12.146,-0.407,25.44,7,"J"],[1054.272,-10.18,-1087.082,-0.899,0,-0.437,0,1,0,0.437,0,-0.899,12.871,-0.008,26.997,"S","J"],[1054.487,-10.237,-1086.631,-0.899,0,-0.438,0,1,0,0.438,0,-0.899,12.886,-4.676,27.028,8,"J"],[1054.702,-10.349,-1086.18,-0.899,0,-0.438,0,1,0,0.438,0,-0.899,12.886,-7.946,27.029,"S","J"],[1054.917,-10.431,-1085.73,-0.899,0,-0.438,0,1,0,0.438,0,-0.899,12.886,0.997,27.029,"S","J"],[1055.131,-10.348,-1085.279,-0.899,0,-0.438,0,1,0,0.438,0,-0.899,12.886,6.215,27.029,"S","J"],[1055.346,-10.23,-1084.828,-0.899,0,-0.438,0,1,0,0.438,0,-0.899,12.886,7.341,27.029,"S","J"],[1055.564,-10.118,-1084.371,-0.899,0,-0.438,0,1,0,0.438,0,-0.899,13.119,5.953,27.507,"S",1],[1055.783,-9.245,-1083.912,-0.899,0,-0.438,0,1,0,0.438,0,-0.899,13.119,51.365,27.507,3,"J"],[1055.991,-8.423,-1083.477,-0.897,0,-0.441,0,1,0,0.441,0,-0.897,12.111,48.095,25.347,5,"J"],[1056.183,-7.655,-1083.077,-0.894,0,-0.449,0,1,0,0.449,0,-0.894,11.117,44.825,23.181,"S","J"],[1056.358,-6.942,-1082.713,-0.893,0,-0.449,0,1,0,0.449,0,-0.893,10.155,41.555,21,"S","J"],[1056.517,-6.284,-1082.386,-0.893,0,-0.45,0,1,0,0.45,0,-0.893,9.194,38.285,18.819,"S","J"],[1056.66,-5.68,-1082.095,-0.893,0,-0.45,0,1,0,0.45,0,-0.893,8.232,35.015,16.639,"S","J"],[1056.788,-5.13,-1081.84,-0.893,0,-0.45,0,1,0,0.45,0,-0.893,7.314,31.745,14.558,"S","J"],[1056.908,-4.635,-1081.601,-0.893,0,-0.45,0,1,0,0.45,0,-0.893,7.198,28.475,14.296,"S","J"],[1057.028,-4.195,-1081.363,-0.893,0,-0.45,0,1,0,0.45,0,-0.893,7.196,25.205,14.291,"S",0],[1057.148,-3.808,-1081.124,-0.893,0,-0.45,0,1,0,0.45,0,-0.893,7.196,21.935,14.29,"S","J"],[1057.268,-3.477,-1080.886,-0.893,0,-0.45,0,1,0,0.45,0,-0.893,7.196,18.665,14.29,"S","J"],[1057.389,-3.2,-1080.648,-0.893,0,-0.45,0,1,0,0.45,0,-0.893,7.196,15.395,14.29,"S","J"],[1057.509,-2.977,-1080.41,-0.893,0,-0.45,0,1,0,0.45,0,-0.893,7.196,12.125,14.29,"S","J"],[1057.629,-2.809,-1080.171,-0.893,0,-0.45,0,1,0,0.45,0,-0.893,7.196,8.855,14.29,"S","J"],[1057.719,-2.719,-1079.993,-0.893,0,-0.45,0,1,0,0.45,0,-0.893,7.196,6.402,14.29,"S","J"],[1057.869,-2.637,-1079.695,-0.893,0,-0.45,0,1,0,0.45,0,-0.893,7.196,2.315,14.29,"S","J"],[1057.989,-2.632,-1079.456,-0.893,0,-0.45,0,1,0,0.45,0,-0.893,7.196,-0.955,14.29,"S","J"],[1058.109,-2.682,-1079.218,-0.893,0,-0.45,0,1,0,0.45,0,-0.893,7.196,-4.225,14.29,"S","J"],[1058.229,-2.787,-1078.98,-0.891,0,-0.453,0,1,0,0.453,0,-0.891,7.196,-7.495,14.29,"S","J"],[1058.35,-2.946,-1078.742,-0.887,0,-0.461,0,1,0,0.461,0,-0.887,7.26,-10.765,14.258,"S","J"],[1058.473,-3.159,-1078.505,-0.883,0,-0.469,0,1,0,0.469,0,-0.883,7.387,-14.035,14.192,"S","J"],[1058.598,-3.427,-1078.27,-0.879,0,-0.477,0,1,0,0.477,0,-0.879,7.516,-17.305,14.125,"S","J"],[1058.725,-3.75,-1078.035,-0.873,0,-0.488,0,1,0,0.488,0,-0.873,7.644,-20.575,14.056,"S","J"],[1058.855,-4.127,-1077.803,-0.866,0,-0.5,0,1,0,0.5,0,-0.866,7.833,-23.845,13.951,"S","J"],[1058.989,-4.558,-1077.572,-0.859,0,-0.512,0,1,0,0.512,0,-0.859,8.022,-27.115,13.843,"S","J"],[1059.125,-5.044,-1077.342,-0.852,0,-0.523,0,1,0,0.523,0,-0.852,8.21,-30.385,13.733,"S","J"],[1059.265,-5.585,-1077.115,-0.842,0,-0.54,0,1,0,0.54,0,-0.842,8.396,-33.655,13.62,7,"J"],[1059.408,-5.848,-1076.89,-0.832,0,-0.555,0,1,0,0.555,0,-0.832,8.641,-2.5,13.466,"S",1],[1059.556,-5.807,-1076.668,-0.821,0,-0.571,0,1,0,0.571,0,-0.821,8.884,3.531,13.307,8,"J"],[1059.704,-4.944,-1076.447,-0.811,0,-0.585,0,1,0,0.585,0,-0.811,8.884,50.547,13.307,3,"J"],[1059.859,-4.135,-1076.23,-0.796,0,-0.605,0,1,0,0.605,0,-0.796,9.356,47.277,12.979,5,"J"],[1060.02,-3.382,-1076.017,-0.78,0,-0.626,0,1,0,0.626,0,-0.78,9.708,44.007,12.718,"S","J"],[1060.186,-2.682,-1075.809,-0.76,0,-0.65,0,1,0,0.65,0,-0.76,10.051,40.737,12.449,"S","J"],[1060.36,-2.037,-1075.607,-0.736,0,-0.677,0,1,0,0.677,0,-0.736,10.44,37.467,12.124,"S","J"],[1060.54,-1.447,-1075.41,-0.72,0,-0.694,0,1,0,0.694,0,-0.72,10.872,34.197,11.738,"S",0],[1060.725,-0.911,-1075.218,-0.701,0,-0.713,0,1,0,0.713,0,-0.701,11.139,30.927,11.486,"S","J"],[1060.915,-0.43,-1075.031,-0.681,0,-0.732,0,1,0,0.732,0,-0.681,11.446,27.657,11.179,"S","J"],[1061.11,-0.003,-1074.849,-0.664,0,-0.748,0,1,0,0.748,0,-0.664,11.747,24.387,10.864,"S","J"],[1061.309,0.37,-1074.672,-0.65,0,-0.76,0,1,0,0.76,0,-0.65,11.991,21.117,10.593,"S","J"],[1061.512,0.688,-1074.499,-0.633,0,-0.774,0,1,0,0.774,0,-0.633,12.182,17.847,10.373,"S","J"],[1061.719,0.951,-1074.33,-0.622,0,-0.783,0,1,0,0.783,0,-0.622,12.413,14.577,10.095,"S","J"],[1061.927,1.16,-1074.164,-0.604,0,-0.797,0,1,0,0.797,0,-0.604,12.552,11.307,9.923,"S","J"],[1062.14,1.314,-1074.003,-0.593,0,-0.805,0,1,0,0.805,0,-0.593,12.772,8.037,9.637,"S","J"],[1062.354,1.414,-1073.845,-0.585,0,-0.811,0,1,0,0.811,0,-0.585,12.903,4.767,9.46,"S","J"],[1062.571,1.46,-1073.689,-0.581,0,-0.814,0,1,0,0.814,0,-0.581,12.99,1.497,9.342,"S","J"],[1062.788,1.451,-1073.534,-0.58,0,-0.814,0,1,0,0.814,0,-0.58,13.033,-1.773,9.282,"S","J"],[1063.005,1.387,-1073.379,-0.58,0,-0.815,0,1,0,0.815,0,-0.58,13.034,-5.043,9.28,"S","J"],[1063.222,1.269,-1073.225,-0.58,0,-0.815,0,1,0,0.815,0,-0.58,13.034,-8.313,9.28,"S","J"],[1063.44,1.096,-1073.07,-0.583,0,-0.812,0,1,0,0.812,0,-0.583,13.034,-11.583,9.28,"S","J"],[1063.656,0.869,-1072.914,-0.597,0,-0.802,0,1,0,0.802,0,-0.597,12.992,-14.853,9.338,"S","J"],[1063.87,0.588,-1072.755,-0.611,0,-0.792,0,1,0,0.792,0,-0.611,12.823,-18.123,9.569,"S","J"],[1064.082,0.251,-1072.592,-0.625,0,-0.78,0,1,0,0.78,0,-0.625,12.647,-21.393,9.8,"S","J"],[1064.29,-0.139,-1072.426,-0.636,0,-0.772,0,1,0,0.772,0,-0.636,12.467,-24.663,10.028,"S","J"],[1064.496,-0.584,-1072.256,-0.643,0,-0.765,0,1,0,0.765,0,-0.643,12.329,-27.933,10.198,"S","J"],[1064.7,-1.084,-1072.084,-0.647,0,-0.762,0,1,0,0.762,0,-0.647,12.235,-31.203,10.311,"S","J"],[1064.903,-1.638,-1071.912,-0.648,0,-0.762,0,1,0,0.762,0,-0.648,12.187,-34.473,10.367,"S","J"],[1065.106,-2.247,-1071.739,-0.648,0,-0.762,0,1,0,0.762,0,-0.648,12.186,-37.743,10.368,"S","J"],[1065.309,-2.91,-1071.566,-0.648,0,-0.762,0,1,0,0.762,0,-0.648,12.186,-41.013,10.368,"S","J"],[1065.513,-3.627,-1071.393,-0.648,0,-0.762,0,1,0,0.762,0,-0.648,12.186,-44.283,10.368,"S","J"],[1065.716,-4.399,-1071.22,-0.648,0,-0.762,0,1,0,0.762,0,-0.648,12.186,-47.553,10.368,"S","J"],[1065.919,-5.226,-1071.047,-0.648,0,-0.762,0,1,0,0.762,0,-0.648,12.186,-50.823,10.368,"S","J"],[1066.051,-5.351,-1070.935,-0.648,0,-0.762,0,1,0,0.762,0,-0.648,6.361,-1.005,5.412,7,"J"],[1066.209,-5.353,-1070.801,-0.648,0,-0.762,0,1,0,0.762,0,-0.648,10.097,-0.02,8.591,"S","J"],[1066.482,-5.353,-1070.583,-0.634,0,-0.773,0,1,0,0.773,0,-0.634,20.134,0,15.806,8,"J"],[1066.87,-5.239,-1070.286,-0.616,0,-0.787,0,1,0,0.787,0,-0.616,23.749,7.852,18.066,"S","J"],[1067.258,-5.142,-1069.997,-0.591,0,-0.807,0,1,0,0.807,0,-0.591,23.243,4.582,17.223,"S","J"],[1067.661,-5.09,-1069.707,-0.55,0,-0.835,0,1,0,0.835,0,-0.55,24.314,3.623,17.441,"S","J"],[1068.073,-5.018,-1069.426,-0.5,0,-0.866,0,1,0,0.866,0,-0.5,24.767,4.833,16.824,"S","J"],[1068.493,-4.923,-1069.156,-0.419,0,-0.908,0,1,0,0.908,0,-0.419,25.248,6.14,16.054,"S","J"],[1068.923,-4.811,-1068.907,-0.348,0,-0.937,0,1,0,0.937,0,-0.348,25.901,6.944,14.823,"S","J"],[1069.361,-4.689,-1068.676,-0.297,0,-0.955,0,1,0,0.955,0,-0.297,26.379,7.376,13.724,"S","J"],[1069.805,-4.563,-1068.458,-0.253,0,-0.967,0,1,0,0.967,0,-0.253,26.669,7.588,12.924,"S","J"],[1070.253,-4.441,-1068.253,-0.204,0,-0.979,0,1,0,0.979,0,-0.204,26.878,7.239,12.249,"S","J"],[1070.703,-4.325,-1068.06,-0.146,0,-0.989,0,1,0,0.989,0,-0.146,27.073,6.951,11.5,"S","J"],[1071.044,-4.242,-1067.925,-0.074,0,-0.997,0,1,0,0.997,0,-0.074,27.251,6.53,10.635,"S","J"],[1071.486,-4.18,-1067.805,0.021,0,-1,0,1,0,1,0,0.021,17.246,2.545,2.531,"S","J"],[1071.751,-4.13,-1067.803,0.107,0,-0.994,0,1,0,0.994,0,0.107,15.667,3.152,-0.273,"S","J"],["s","v","S",1],[1072.012,-3.257,-1067.808,0.317,0,-0.948,0,1,0,0.948,0,0.317,15.667,51.365,-0.273,3,"J"],[1072.271,-2.435,-1067.837,0.316,0,-0.949,0,1,0,0.949,0,0.316,15.427,48.095,-2.644,5,"J"],[1072.526,-1.667,-1067.905,0.315,0,-0.949,0,1,0,0.949,0,0.315,15.208,44.825,-4.81,"S","J"],[1072.779,-0.954,-1067.988,0.315,0,-0.949,0,1,0,0.949,0,0.315,15.185,41.555,-5.037,"S","J"],[1073.032,-0.296,-1068.072,0.315,0,-0.949,0,1,0,0.949,0,0.315,15.185,38.285,-5.042,"S","J"],[1073.285,0.308,-1068.156,0.315,0,-0.949,0,1,0,0.949,0,0.315,15.185,35.015,-5.042,"S","J"],[1073.537,0.858,-1068.24,0.315,0,-0.949,0,1,0,0.949,0,0.315,15.185,31.745,-5.042,"S","J"],[1073.79,1.353,-1068.324,0.315,0,-0.949,0,1,0,0.949,0,0.315,15.185,28.475,-5.042,"S","J"],[1074.043,1.793,-1068.408,0.315,0,-0.949,0,1,0,0.949,0,0.315,15.185,25.205,-5.042,"S","J"],[1074.296,2.179,-1068.492,0.315,0,-0.949,0,1,0,0.949,0,0.315,15.185,21.935,-5.042,"S","J"],[1074.549,2.511,-1068.576,0.315,0,-0.949,0,1,0,0.949,0,0.315,15.185,18.665,-5.042,"S","J"],[1074.802,2.788,-1068.66,0.315,0,-0.949,0,1,0,0.949,0,0.315,15.185,15.395,-5.042,"S","J"],[1075.055,3.011,-1068.744,0.315,0,-0.949,0,1,0,0.949,0,0.315,15.185,12.125,-5.042,"S","J"],[1075.308,3.179,-1068.828,0.315,0,-0.949,0,1,0,0.949,0,0.315,15.185,8.855,-5.042,"S",0],["s","v","S","J"],[1075.551,3.292,-1068.935,0.465,0,-0.885,0,1,0,0.885,0,0.465,14.284,5.585,-7.16,"S","J"],[1075.788,3.351,-1069.058,0.465,0,-0.885,0,1,0,0.885,0,0.465,14.165,2.315,-7.439,"S","J"],[1076.024,3.356,-1069.182,0.465,0,-0.885,0,1,0,0.885,0,0.465,14.163,-0.955,-7.444,"S","J"],[1076.26,3.306,-1069.306,0.465,0,-0.885,0,1,0,0.885,0,0.465,14.163,-4.225,-7.444,"S","J"],[1076.495,3.201,-1069.43,0.465,0,-0.885,0,1,0,0.885,0,0.465,14.163,-7.495,-7.444,"S","J"],[1076.731,3.042,-1069.554,0.465,0,-0.885,0,1,0,0.885,0,0.465,14.163,-10.765,-7.444,"S","J"],[1076.967,2.829,-1069.678,0.465,0,-0.885,0,1,0,0.885,0,0.465,14.163,-14.035,-7.444,8,"J"],[1077.212,2.955,-1069.783,0.379,0,-0.925,0,1,0,0.925,0,0.379,14.794,12.384,-6.09,"S","J"],[1077.459,3.144,-1069.884,0.379,0,-0.925,0,1,0,0.925,0,0.379,14.807,9.909,-6.064,"S","J"],[1077.705,3.267,-1069.985,0.375,0,-0.927,0,1,0,0.927,0,0.375,14.807,5.946,-6.063,"S","J"],[1077.952,3.337,-1070.085,0.371,0,-0.929,0,1,0,0.929,0,0.371,14.834,3.312,-5.997,"S","J"],[1078.2,3.376,-1070.184,0.362,0,-0.932,0,1,0,0.932,0,0.362,14.861,1.852,-5.93,"S","J"],[1078.448,3.397,-1070.281,0.345,0,-0.939,0,1,0,0.939,0,0.345,14.913,1.031,-5.796,"S","J"],[1078.698,3.409,-1070.374,0.328,0,-0.945,0,1,0,0.945,0,0.328,15.015,0.565,-5.527,"S","J"],[1078.95,3.416,-1070.462,0.315,0,-0.949,0,1,0,0.949,0,0.315,15.113,0.337,-5.254,"S","J"],[1079.098,3.421,-1070.522,0.182,0,-0.983,0,1,0,0.983,0,0.182,5.163,0.218,-2.588,"S","J"],[1079.081,3.423,-1070.537,0.186,0,-0.983,0,1,0,0.983,0,0.186,-4.786,0.124,0.078,"S","J"],[1078.899,3.425,-1070.508,0.183,0,-0.983,0,1,0,0.983,0,0.183,-14.415,0.068,2.657,"S","J"],[1078.64,3.425,-1070.46,0.183,0,-0.983,0,1,0,0.983,0,0.183,-15.703,0.008,2.929,"S","J"],[1078.377,3.425,-1070.411,0.179,0,-0.984,0,1,0,0.984,0,0.179,-15.728,0.001,2.934,"S","J"],[1078.181,3.425,-1070.375,0.179,0,-0.984,0,1,0,0.984,0,0.179,-15.741,0,2.867,"S","J"],[1077.853,3.425,-1070.315,0.179,0,-0.984,0,1,0,0.984,0,0.179,-15.742,0,2.863,"S","J"],[1077.591,3.425,-1070.267,0.179,0,-0.984,0,1,0,0.984,0,0.179,-15.742,0,2.863,"S","J"],[1077.329,3.425,-1070.22,0.179,0,-0.984,0,1,0,0.984,0,0.179,-15.742,0,2.863,"S","J"],[1077.132,3.411,-1070.184,0.179,0,-0.984,0,1,0,0.984,0,0.179,-15.742,-0.828,2.863,"S","J"],["s","v","S","J"],["s","v","S","J"],[1076.8,3.412,-1070.16,0.069,0,-0.998,0,1,0,0.998,0,0.069,-15.972,0.198,0.932,"S","J"],[1076.6,3.394,-1070.148,0.053,0,-0.999,0,1,0,0.999,0,0.053,-15.974,-2.254,0.918,"S","J"],[1076.334,3.322,-1070.133,0.049,0,-0.999,0,1,0,0.999,0,0.049,-15.974,-5.524,0.918,"S","J"],[1076.001,3.156,-1070.114,0.047,0,-0.999,0,1,0,0.999,0,0.047,-15.974,-9.612,0.918,"S","J"],[1075.802,3.015,-1070.103,0.051,0,-0.999,0,1,0,0.999,0,0.051,-15.974,-12.064,0.918,"S","J"],[1075.536,2.78,-1070.088,0.049,0,-0.999,0,1,0,0.999,0,0.049,-15.974,-15.334,0.918,"S",1],[1075.27,3.653,-1070.073,0.049,0,-0.999,0,1,0,0.999,0,0.049,-15.974,51.365,0.918,3,"J"],["s","v",5,"J"],["s","v","S","J"],[1074.961,4.672,-1070.08,0.107,0.001,-0.994,0,1,0.001,0.994,0,0.107,-14.006,47.278,-1.2,"S","J"],[1074.796,5.243,-1070.105,0.078,0.001,-0.997,0,1,0.001,0.997,0,0.078,-12.767,44.825,-2.484,"S","J"],[1074.601,5.956,-1070.165,0.113,0,-0.994,0,1,0,0.994,0,0.113,-11.105,41.555,-4.198,"S","J"],[1074.433,6.614,-1070.252,0.113,0,-0.994,0,1,0,0.994,0,0.113,-9.444,38.285,-5.91,"S","J"],[1074.293,7.218,-1070.369,0.113,0,-0.994,0,1,0,0.994,0,0.113,-7.787,35.015,-7.622,"S","J"],[1074.18,7.768,-1070.514,0.113,0,-0.994,0,1,0,0.994,0,0.113,-6.131,31.745,-9.334,"S","J"],[1074.103,8.263,-1070.672,0.098,0,-0.995,0,1,0,0.995,0,0.098,-3.757,28.475,-9.576,"S","J"],[1074.065,8.703,-1070.834,0.09,0,-0.996,0,1,0,0.996,0,0.09,-1.386,25.205,-9.819,"S","J"],[1074.067,9.089,-1071,0.089,0,-0.996,0,1,0,0.996,0,0.089,0.985,21.935,-10.062,"S","J"],[1074.108,9.421,-1071.17,0.089,0,-0.996,0,1,0,0.996,0,0.089,3.355,18.665,-10.305,"S","J"],[1074.188,9.698,-1071.344,0.032,0,-0.999,0,1,0,0.999,0,0.032,5.696,15.395,-10.447,"S",0],[1074.307,9.921,-1071.522,0.117,0,-0.993,0,1,0,0.993,0,0.117,8.032,12.125,-10.9,"S","J"],[1074.466,10.089,-1071.709,0.12,0,-0.993,0,1,0,0.993,0,0.12,10.373,8.855,-11.354,"S","J"],[1074.696,10.222,-1071.948,0.143,0,-0.99,0,1,0,0.99,0,0.143,11.106,4.768,-11.497,"S","J"],[1074.909,10.27,-1072.203,0.178,0,-0.984,0.001,1,0,0.984,-0.001,0.178,10.04,0.681,-12.438,"S","J"],[1075.091,10.247,-1072.397,0.105,0,-0.994,0,1,0,0.994,0,0.105,11.175,-2.589,-11.423,"S","J"],[1075.339,10.142,-1072.62,0.057,0,-0.998,0,1,0,0.998,0,0.057,12.063,-6.677,-10.506,"S","J"],["s","v","S",1],[1075.263,10.709,-1072.837,0.09,0,-0.996,-0.003,1,0,0.996,0.003,0.09,3.813,30.004,-10.052,7,"J"],[1074.85,11.175,-1072.985,0.628,0.002,-0.778,-0.007,1,-0.004,0.778,0.008,0.628,1.113,37.357,-12.319,"S","J"],[1074.823,11.762,-1073.166,0.998,0.004,0.063,-0.004,1,-0.003,-0.063,0.003,0.998,0.273,33.935,-10.034,8,"J"],[1074.733,12.645,-1073.334,0.895,-0.006,0.447,0.004,1,0.005,-0.447,-0.003,0.895,0.273,53,-10.035,3,0],[1074.715,13.494,-1073.492,0.87,-0.004,0.493,0.002,1,0.004,-0.493,-0.002,0.87,-1.855,49.731,-9.219,5,1],[1074.641,14.479,-1073.674,0.97,0,0.245,0,1,0.001,-0.245,-0.001,0.97,-4.746,45.643,-8.375,"S","J"],[1074.537,15.206,-1073.819,0.926,0.001,-0.378,0,1,0,0.378,0,0.926,-7.086,42.373,-8.944,"S","J"],["s","v","S","J"],[1074.441,15.878,-1073.974,0.77,0.003,-0.639,-0.002,1,0.002,0.639,0,0.77,-4.946,39.102,-9.523,"S","J"],[1074.383,16.496,-1074.138,0.699,0.001,-0.715,-0.001,1,0.001,0.715,0,0.699,-2.613,35.832,-9.941,"S","J"],[1074.364,17.059,-1074.305,0.624,0,-0.781,0,1,0,0.781,0,0.624,-0.223,32.562,-10.124,"S","J"],["s","v","S",0],["s","v","S","J"],[1074.382,17.568,-1074.463,0.091,0,-0.996,0,1,0,0.996,0,0.091,1.887,29.292,-9.03,"S","J"],[1074.436,18.022,-1074.602,0.109,0,-0.994,0,1,0,0.994,0,0.109,4.004,26.022,-7.935,"S","J"],[1074.525,18.421,-1074.722,0.111,0,-0.994,0,1,0,0.994,0,0.111,6.122,22.752,-6.84,"S","J"],[1074.649,18.766,-1074.825,0.112,0,-0.994,0,1,0,0.994,0,0.112,8.239,19.482,-5.745,"S","J"],[1074.808,19.057,-1074.909,0.112,0,-0.994,0,1,0,0.994,0,0.112,10.356,16.212,-4.651,"S","J"],[1075.003,19.293,-1074.975,0.112,0,-0.994,0,1,0,0.994,0,0.112,12.474,12.942,-3.557,"S","J"],[1075.233,19.475,-1075.023,0.099,0,-0.995,0,1,0,0.995,0,0.099,14.591,9.672,-2.462,"S","J"],[1075.339,19.577,-1075.064,0.006,-0.018,-1,-0.004,1,-0.018,1,0.004,0.005,-3.918,2.9,-3.51,"S","J"],["s","v","S","J"],[1075.224,19.589,-1075.108,0.107,-0.01,-0.994,-0.005,1,-0.01,0.994,0.006,0.106,-3.864,-0.504,-2.33,"S","J"],[1075.062,19.53,-1075.139,0.373,-0.002,-0.928,0.001,1,-0.001,0.928,-0.001,0.373,1.504,-4.198,-1.649,7,"J"],[1074.789,19.456,-1075.19,0.827,0.002,-0.562,0.002,1,0.006,0.562,-0.006,0.827,-0.017,-4.872,-3.318,"S","J"],[1074.784,19.342,-1075.219,0.96,-0.003,0.28,0.002,1,0.003,-0.28,-0.002,0.96,-0.111,-8.096,-0.816,8,"J"],[1074.783,19.173,-1075.221,0.509,-0.001,0.861,0.001,1,0,-0.861,0.001,0.509,-0.006,-11.365,-0.033,"S","J"],[1074.783,18.949,-1075.221,0.206,0,0.979,0,1,0,-0.979,0,0.206,-0.011,-14.636,0.001,"S",1],[1074.783,19.822,-1075.222,0.285,0.001,0.959,-0.001,1,0,-0.959,0,0.285,-0.011,51.365,0.001,3,"J"],[1074.759,20.644,-1075.229,0.61,0,0.793,0,1,0,-0.793,0,0.61,-2.301,48.095,-0.664,5,"J"],[1074.703,21.412,-1075.257,0.945,0,0.326,0,1,0,-0.326,0,0.945,-4.023,44.825,-2.308,"S","J"],[1074.642,22.125,-1075.319,0.75,0,-0.661,0,1,0,0.661,0,0.75,-3.379,41.555,-4.602,"S","J"],[1074.594,22.783,-1075.419,0.696,0,-0.718,0,1,0,0.718,0,0.696,-2.591,38.285,-6.849,"S","J"],[1074.562,23.387,-1075.555,0.578,0,-0.816,0,1,0,0.816,0,0.578,-1.5,35.015,-8.966,"S","J"],[1074.554,23.937,-1075.723,0.466,0,-0.885,0,1,0,0.885,0,0.466,0.151,31.745,-10.683,"S","J"],[1074.578,24.432,-1075.914,0.387,0,-0.922,0,1,0,0.922,0,0.387,2.19,28.475,-11.918,"S","J"],[1074.618,24.767,-1076.055,0.258,0,-0.966,0,1,0,0.966,0,0.258,3.752,26.022,-11.036,"S","J"],[1074.702,25.167,-1076.226,0.168,0,-0.986,0,1,0,0.986,0,0.168,5.77,22.752,-9.765,"S","J"],[1074.852,25.59,-1076.407,0.073,0,-0.997,0,1,0,0.997,0,0.073,8.176,18.665,-8.009,"S","J"],[1075.053,25.928,-1076.596,0.075,0,-0.997,0,1,0,0.997,0,0.075,10.58,14.577,-9.765,"S",0],[1075.249,26.137,-1076.765,0.005,0,-1,0,1,0,1,0,0.005,12.177,11.307,-10.255,"S","J"],[1075.41,26.258,-1076.881,-0.157,0,-0.988,0,1,0,0.988,0,-0.157,13.252,8.855,-8.897,"S","J"],[1075.441,26.37,-1077.125,-0.25,0,-0.968,0.001,1,0,0.968,-0.001,-0.25,4.436,3.777,-10.934,"S","J"],[1075.472,26.399,-1077.337,-0.636,0,-0.771,0,1,0,0.771,0,-0.636,4.368,0.507,-10.422,"S","J"],[1075.542,26.374,-1077.523,-0.861,0,-0.509,0,1,-0.001,0.509,-0.001,-0.861,5.29,-2.763,-9.439,"S","J"],[1075.643,26.293,-1077.659,-0.876,0,-0.483,0,1,0,0.483,0,-0.876,6.535,-6.033,-7.414,"S","J"],[1075.797,26.117,-1077.781,-0.903,0,-0.43,0,1,0,0.43,0,-0.903,8.002,-10.121,-4.821,"S","J"],[1075.94,25.914,-1077.839,-0.947,0,-0.322,0,1,0,0.322,0,-0.947,8.919,-13.391,-2.623,"S","J"],[1076.098,25.657,-1077.859,-0.949,0,-0.316,0,1,0,0.316,0,-0.949,9.816,-16.661,-0.416,"S","J"],[1076.315,25.259,-1077.833,-0.975,0,-0.222,0,1,0,0.222,0,-0.975,10.854,-20.748,2.377,8,"J"],["s","v",5,1],[1076.587,25.901,-1078.139,-0.533,0.027,-0.846,0.027,1,0.015,0.846,-0.015,-0.533,13.553,38.076,2.883,7,"J"],[1076.762,26.356,-1078.086,0.057,-0.001,-0.998,0.006,1,-0.001,0.998,-0.006,0.057,14.234,35.618,4.85,"S","J"],[1076.967,26.892,-1078.16,0.3,-0.007,-0.954,0.01,1,-0.004,0.954,-0.008,0.3,11.569,30.908,-1.878,8,"J"],[1077.16,27.775,-1078.192,0.265,-0.002,-0.964,0.003,1,-0.002,0.964,-0.002,0.265,11.569,53,-1.878,3,0],[1077.345,28.625,-1078.247,0.053,0,-0.999,0,1,0,0.999,0,0.053,10.821,49.729,-4.233,5,"J"],[1077.529,29.419,-1078.343,-0.36,0,-0.933,0,1,0,0.933,0,-0.36,11.135,46.459,-6.618,"S","J"],[1077.794,30.336,-1078.464,-0.677,0,-0.736,0,1,0,0.736,0,-0.677,13.812,42.372,-5.312,"S",1],[1078.031,31.008,-1078.529,-0.869,0,-0.495,0,1,0,0.495,0,-0.869,14.463,39.102,-3.017,"S",0],[1078.349,31.772,-1078.559,-0.99,0,-0.142,0,1,0,0.142,0,-0.99,15.815,35.014,-0.361,"S","J"],[1078.615,32.321,-1078.554,-0.997,0,-0.082,0,1,0,0.082,0,-0.997,15.991,31.744,0.348,"S","J"],[1078.882,32.816,-1078.542,-0.999,0,-0.042,0,1,0,0.042,0,-0.999,15.979,28.474,0.788,"S","J"],[1079.147,33.257,-1078.52,-1,0,0.022,0,1,0,-0.022,0,-1,15.934,25.204,1.436,"S","J"],[1079.411,33.643,-1078.481,-0.994,0,0.112,0,1,0,-0.112,0,-0.994,15.812,21.934,2.435,"S","J"],[1079.606,33.897,-1078.438,-0.969,0,0.248,0,1,0,-0.248,0,-0.969,15.547,19.482,3.759,"S","J"],[1079.86,34.187,-1078.355,-0.953,0,0.303,0,1,0,-0.303,0,-0.953,15.057,16.212,5.395,"S","J"],[1080.103,34.423,-1078.248,-0.933,0,0.359,0,1,0,-0.359,0,-0.933,14.493,12.942,6.77,"S","J"],[1080.403,34.642,-1078.102,-0.959,0,0.284,0,1,0,-0.284,0,-0.959,14.379,8.854,7.012,"S","J"],[1080.583,34.732,-1078.014,-0.938,0,0.347,0,1,0,-0.347,0,-0.938,14.379,6.402,7.013,"S","J"],[1080.823,34.805,-1077.897,-0.949,0,0.316,0,1,0,-0.316,0,-0.949,14.379,3.132,7.013,"S","J"],[1081.04,34.82,-1078.003,-0.862,0.001,0.507,-0.003,1,-0.006,-0.507,-0.007,-0.862,12.756,-0.281,0.438,"S","J"],[1081.275,34.782,-1078.12,-0.687,0.002,0.727,-0.002,1,-0.004,-0.727,-0.004,-0.687,14.908,-3.551,-0.256,"S","J"],[1081.532,34.688,-1078.135,-0.627,0.001,0.779,0,1,-0.001,-0.779,-0.001,-0.627,15.525,-6.821,-0.007,"S","J"],[1081.783,34.541,-1078.142,-0.515,0,0.857,0,1,0,-0.857,0,-0.515,14.96,-10.091,-0.039,"S","J"],[1082.084,34.281,-1078.129,-0.285,-0.001,0.959,-0.007,1,-0.001,-0.958,-0.007,-0.285,13.618,-13.848,-1.568,"S","J"],[1082.365,33.943,-1078.144,-0.348,0,0.937,-0.006,1,-0.002,-0.937,-0.006,-0.348,13.285,-17.698,-1.099,"S","J"],[1082.586,33.614,-1078.139,-0.337,0.001,0.942,0,1,-0.001,-0.942,-0.001,-0.337,13.299,-20.968,1.174,"S","J"],[1082.805,33.234,-1078.138,-0.309,0.001,0.951,-0.001,1,-0.002,-0.951,-0.001,-0.309,12.673,-23.342,-3.556,"S","J"],[1083.02,32.811,-1078.172,-0.393,0,0.919,0,1,0,-0.919,0,-0.393,13.012,-26.612,-1.224,"S","J"],[1083.239,32.334,-1078.168,-0.378,0,0.926,0,1,0,-0.926,0,-0.378,13.251,-29.882,1.136,"S","J"],[1083.446,31.802,-1078.129,-0.287,0,0.958,0,1,0,-0.958,0,-0.287,11.849,-33.152,3.057,"S","J"],[1083.62,31.215,-1078.07,-0.126,0,0.992,0,1,0,-0.992,0,-0.126,9.611,-36.422,3.876,"S","J"],[1083.76,30.589,-1078.1,-0.113,0.002,0.994,0,1,-0.002,-0.994,0,-0.113,7.478,-38.763,-1.202,"S","J"],[1083.859,29.909,-1078.116,-0.111,0.001,0.994,0,1,-0.001,-0.994,0,-0.111,5.113,-42.033,-0.824,"S","J"],[1083.92,29.175,-1078.126,-0.111,0,0.994,0,1,0,-0.994,0,-0.111,2.769,-45.303,-0.447,"S","J"],[1083.941,28.18,-1078.133,-0.103,0,0.995,0,1,0,-0.995,0,-0.103,-0.198,-49.39,-0.252,"S","J"],[1083.913,27.322,-1078.136,-0.093,0,0.996,0,1,0,-0.996,0,-0.093,-2.579,-52.66,-0.183,"S","J"],["s","v",12,1],[1084.96,27.505,-1078.228,-0.07,0,0.998,0,1,0,-0.998,0,-0.07,62.868,9.733,-5.526,3,"J"],[1085.988,27.633,-1078.28,-0.165,0,0.986,0,1,0,-0.986,0,-0.165,60.944,6.462,-2.258,5,"J"],["s","v","S","J"],[1086.735,27.694,-1078.304,-1,0.001,0.028,0.001,1,0,-0.028,0,-1,59.171,4.01,-1.804,"S","J"],[1087.931,27.726,-1078.332,-0.999,0,-0.046,0,1,0,0.046,0,-0.999,56.292,-0.077,-0.995,"S","J"],[1088.846,27.691,-1078.341,-1,0,-0.022,0,1,0,0.022,0,-1,54.004,-3.347,-0.338,"S","J"],[1089.722,27.601,-1078.34,-1,0,-0.022,0,1,0,0.022,0,-1,51.715,-6.617,0.321,"S","J"],[1090.354,27.498,-1078.332,-1,0,0.004,0,1,0,-0.004,0,-1,49.996,-9.07,0.815,"S","J"],[1091.163,27.313,-1078.311,-1,0,-0.018,0,1,0,0.018,0,-1,47.705,-12.34,1.473,"S","J"],[1092.122,27.004,-1078.271,-0.999,0,-0.036,0,1,0,0.036,0,-0.999,44.839,-16.427,2.297,"S","J"],["s","v","S","J"],[1093.02,26.611,-1078.214,-0.999,0,0.043,0,1,0.002,-0.043,0.002,-0.999,41.96,-20.514,3.027,"S","J"],[1093.53,26.334,-1078.172,-0.998,0,0.067,0,1,0.001,-0.067,0.001,-0.998,40.249,-22.967,3.543,"S","J"],[1094.177,25.917,-1078.106,-0.996,0,0.088,0,1,0,-0.088,0,-0.996,37.968,-26.237,4.237,"S","J"],[1094.932,25.32,-1078.007,-0.997,0,0.075,0,1,0,-0.075,0,-0.997,35.113,-30.324,5.091,"S","J"],[1095.357,24.92,-1077.939,-0.982,0,-0.189,0,1,0,0.189,0,-0.982,33.401,-32.777,5.608,"S",0],[1095.858,25.777,-1078.132,-0.463,0.006,-0.886,0,1,0.007,0.886,0.003,-0.463,19.77,42.2,2.173,7,"J"],[1096.161,26.432,-1078.157,0.437,0,-0.9,0.004,1,0.002,0.9,-0.005,0.437,17.569,38.113,0.081,5,1],[1096.43,27.033,-1078.166,0.503,-0.002,-0.864,0.004,1,0,0.864,-0.003,0.503,15.292,34.789,-0.266,"S","J"],[1096.681,27.578,-1078.194,0.491,-0.001,-0.871,0.001,1,0,0.871,-0.001,0.491,14.884,31.519,-2.619,"S","J"],[1096.924,28.07,-1078.262,0.489,0,-0.872,0,1,0,0.872,0,0.489,14.461,28.249,-4.985,"S","J"],[1097.161,28.506,-1078.37,0.489,0,-0.872,0,1,0,0.872,0,0.489,14.042,24.979,-7.34,"S","J"],[1097.394,28.889,-1078.499,0.489,0,-0.872,0,1,0,0.872,0,0.489,13.956,21.709,-7.818,"S","J"],[1097.626,29.216,-1078.63,0.489,0,-0.872,0,1,0,0.872,0,0.489,13.955,18.439,-7.827,"S","J"],[1097.858,29.49,-1078.76,0.489,0,-0.872,0,1,0,0.872,0,0.489,13.955,15.169,-7.827,"S","J"],[1098.091,29.708,-1078.891,0.489,0,-0.872,0,1,0,0.872,0,0.489,13.955,11.899,-7.827,"S","J"],[1098.323,29.873,-1079.021,0.489,0,-0.872,0,1,0,0.872,0,0.489,13.955,8.629,-7.827,"S","J"],[1098.614,30.001,-1079.184,0.489,0,-0.872,0,1,0,0.872,0,0.489,13.955,4.542,-7.827,"S","J"],[1098.788,30.038,-1079.282,0.489,0,-0.872,0,1,0,0.872,0,0.489,13.955,2.089,-7.827,"S","J"],[1099.021,30.038,-1079.412,0.489,0,-0.872,0,1,0,0.872,0,0.489,13.955,-1.181,-7.827,"S","J"],[1099.253,29.985,-1079.542,0.489,0,-0.872,0,1,0,0.872,0,0.489,13.955,-4.451,-7.827,"S","J"],[1099.485,29.876,-1079.673,0.489,0,-0.872,0,1,0,0.872,0,0.489,13.955,-7.721,-7.827,"S","J"],[1099.718,29.714,-1079.803,0.489,0,-0.872,0,1,0,0.872,0,0.489,13.955,-10.991,-7.827,"S","J"],[1099.95,29.496,-1079.933,0.489,0,-0.872,0,1,0,0.872,0,0.489,13.955,-14.261,-7.827,"S","J"],[1100.183,29.225,-1080.064,0.489,0,-0.872,0,1,0,0.872,0,0.489,13.955,-17.531,-7.827,"S","J"],[1100.415,28.898,-1080.194,0.489,0,-0.872,0,1,0,0.872,0,0.489,13.955,-20.801,-7.827,"S","J"],[1100.647,28.518,-1080.325,0.489,0,-0.872,0,1,0,0.872,0,0.489,13.955,-24.071,-7.827,"S","J"],[1100.88,28.082,-1080.455,0.489,0,-0.872,0,1,0,0.872,0,0.489,13.955,-27.341,-7.827,"S",0],["s","v","S","J"],[1101.138,27.462,-1080.637,0.069,0,-0.998,0,1,0,0.998,0,0.069,11.353,-31.428,-9.329,"S","J"],[1101.225,27.048,-1080.786,0.013,0,-1,0,1,0,1,0,0.013,4.728,-33.881,-13.285,7,"J"],[1101.245,26.646,-1081.044,-0.022,0,-1,0,1,0,1,0,-0.022,0.434,-8.067,-15.925,"S","J"],[1101.252,26.671,-1081.31,-0.042,0,-0.999,0,1,0,0.999,0,-0.042,0.461,3.797,-15.992,"S","J"],[1101.263,26.733,-1081.577,-0.051,0,-0.999,0,1,0,0.999,0,-0.051,0.675,3.363,-15.986,8,"J"],[1101.276,26.775,-1081.843,-0.061,0,-0.998,0,1,0,0.998,0,-0.061,0.821,2.036,-15.979,"S","J"],["s","v","S","J"],[1101.332,26.799,-1082.103,-0.243,0,-0.97,0,1,0,0.97,0,-0.243,3.707,1.141,-15.56,"S","J"],["s","v","S","J"],[1101.397,26.815,-1082.43,-0.154,0,-0.988,0,1,0,0.988,0,-0.154,3.061,0.539,-15.704,"S","J"],[1101.436,26.82,-1082.626,-0.197,0,-0.98,0,1,0,0.98,0,-0.197,3.124,0.342,-15.692,"S","J"],[1101.489,26.824,-1082.888,-0.199,0,-0.98,0,1,0,0.98,0,-0.199,3.197,0.186,-15.677,"S","J"],[1101.542,26.826,-1083.149,-0.2,0,-0.98,0,1,0,0.98,0,-0.2,3.199,0.101,-15.677,"S","J"],[1101.596,26.827,-1083.41,-0.2,0,-0.98,0,1,0,0.98,0,-0.2,3.199,0.055,-15.677,"S","J"],[1101.649,26.828,-1083.671,-0.2,0,-0.98,0,1,0,0.98,0,-0.2,3.199,0.03,-15.677,"S","J"],[1101.702,26.828,-1083.932,-0.2,0,-0.98,0,1,0,0.98,0,-0.2,3.199,0.016,-15.677,"S","J"],[1101.755,26.828,-1084.194,-0.2,0,-0.98,0,1,0,0.98,0,-0.2,3.199,0.009,-15.677,"S","J"],[1101.808,26.828,-1084.455,-0.209,0,-0.978,0,1,0,0.978,0,-0.209,3.199,0.005,-15.677,"S","J"],[1101.864,26.828,-1084.716,-0.213,0,-0.977,0,1,0,0.977,0,-0.213,3.338,0.003,-15.648,"S","J"],[1101.92,26.828,-1084.976,-0.218,0,-0.976,0,1,0,0.976,0,-0.218,3.41,0.001,-15.632,"S","J"],[1101.978,26.828,-1085.237,-0.218,0,-0.976,0,1,0,0.976,0,-0.218,3.481,0.001,-15.617,"S","J"],[1102.036,26.828,-1085.497,-0.218,0,-0.976,0,1,0,0.976,0,-0.218,3.483,0,-15.616,"S","J"],[1102.095,26.828,-1085.757,-0.218,0,-0.976,0,1,0,0.976,0,-0.218,3.483,0,-15.616,"S","J"],[1102.153,26.828,-1086.017,-0.218,0,-0.976,0,1,0,0.976,0,-0.218,3.483,0,-15.616,"S","J"],[1102.211,26.828,-1086.278,-0.218,0,-0.976,0,1,0,0.976,0,-0.218,3.483,0,-15.616,"S","J"],[1102.269,26.828,-1086.538,-0.218,0,-0.976,0,1,0,0.976,0,-0.218,3.483,0,-15.616,"S","J"],[1102.327,26.828,-1086.798,-0.218,0,-0.976,0,1,0,0.976,0,-0.218,"v","S","J"],[1102.385,26.828,-1087.058,-0.218,0,-0.976,0,1,0,0.976,0,-0.218,3.483,0,-15.616,"S","J"],[1102.443,26.828,-1087.319,-0.218,0,-0.976,0,1,0,0.976,0,-0.218,3.483,0,-15.616,"S","J"],[1102.501,26.828,-1087.579,-0.218,0,-0.976,0,1,0,0.976,0,-0.218,"v","S","J"],[1102.559,26.828,-1087.839,-0.213,0,-0.977,0,1,0,0.977,0,-0.213,"v","S","J"],[1102.617,26.828,-1088.1,-0.195,0,-0.981,0,1,0,0.981,0,-0.195,3.413,0,-15.632,"S","J"],[1102.669,26.828,-1088.361,-0.178,0,-0.984,0,1,0,0.984,0,-0.178,3.133,0,-15.69,"S","J"],[1102.717,26.828,-1088.623,-0.164,0,-0.986,0,1,0,0.986,0,-0.164,2.848,0,-15.744,"S","J"],[1102.762,26.828,-1088.886,-0.155,0,-0.988,0,1,0,0.988,0,-0.155,2.632,0,-15.782,"S","J"],[1102.804,26.828,-1089.15,-0.155,0,-0.988,0,1,0,0.988,0,-0.155,2.487,0,-15.805,"S","J"],[1102.845,26.828,-1089.413,-0.155,0,-0.988,0,1,0,0.988,0,-0.155,2.484,0,-15.806,"S","J"],[1102.887,26.828,-1089.677,-0.155,0,-0.988,0,1,0,0.988,0,-0.155,2.484,0,-15.806,"S","J"],[1102.928,26.828,-1089.941,-0.155,0,-0.988,0,1,0,0.988,0,-0.155,2.484,0,-15.806,"S","J"],[1102.97,26.828,-1090.204,-0.155,0,-0.988,0,1,0,0.988,0,-0.155,"v","S","J"],[1103.011,26.828,-1090.468,-0.155,0,-0.988,0,1,0,0.988,0,-0.155,"v","S","J"],[1103.053,26.828,-1090.732,-0.155,0,-0.988,0,1,0,0.988,0,-0.155,"v","S","J"],[1103.094,26.828,-1090.995,-0.155,0,-0.988,0,1,0,0.988,0,-0.155,"v","S","J"],[1103.136,26.828,-1091.259,-0.151,0,-0.989,0,1,0,0.989,0,-0.151,"v","S","J"],[1103.176,26.828,-1091.523,-0.151,0,-0.989,0,1,0,0.989,0,-0.151,2.414,0,-15.817,"S","J"],[1103.216,26.828,-1091.786,-0.151,0,-0.989,0,1,0,0.989,0,-0.151,2.412,0,-15.817,"S","J"],[1103.256,26.828,-1092.05,-0.151,0,-0.989,0,1,0,0.989,0,-0.151,2.412,0,-15.817,"S","J"],[1103.296,26.828,-1092.314,-0.133,0,-0.991,0,1,0,0.991,0,-0.133,2.412,0,-15.817,"S","J"],[1103.332,26.828,-1092.578,-0.119,0,-0.993,0,1,0,0.993,0,-0.119,2.131,0,-15.857,"S","J"],[1103.365,26.828,-1092.842,-0.106,0,-0.994,0,1,0,0.994,0,-0.106,1.913,0,-15.885,"S","J"],[1103.393,26.828,-1093.108,-0.097,0,-0.995,0,1,0,0.995,0,-0.097,1.697,0,-15.91,"S","J"],[1103.42,26.828,-1093.373,-0.083,0,-0.997,0,1,0,0.997,0,-0.083,1.551,0,-15.925,"S","J"],[1103.442,26.828,-1093.639,-0.079,0,-0.997,0,1,0,0.997,0,-0.079,1.335,0,-15.944,"S","J"],[1103.464,26.828,-1093.904,-0.079,0,-0.997,0,1,0,0.997,0,-0.079,1.26,0,-15.95,"S","J"],[1103.484,26.828,-1094.17,-0.079,0,-0.997,0,1,0,0.997,0,-0.079,1.259,0,-15.95,"S","J"],[1103.505,26.828,-1094.435,-0.079,0,-0.997,0,1,0,0.997,0,-0.079,1.259,0,-15.95,"S","J"],[1103.526,26.828,-1094.701,-0.079,0,-0.997,0,1,0,0.997,0,-0.079,1.259,0,-15.95,"S","J"],[1103.547,26.828,-1094.967,-0.079,0,-0.997,0,1,0,0.997,0,-0.079,"v","S","J"],["s","v","S","J"],[1103.627,26.828,-1095.29,-0.291,0,-0.957,0,1,0,0.957,0,-0.291,4.166,0,-15.446,"S","J"],[1103.683,26.828,-1095.482,-0.304,0,-0.953,0,1,0,0.953,0,-0.304,4.451,0,-15.368,"S","J"],["s","v","S","J"],[1103.781,26.828,-1095.729,-0.407,0,-0.913,0,1,0,0.913,0,-0.407,6.143,0,-14.771,"S","J"],[1103.859,26.808,-1095.914,-0.412,0,-0.911,0,1,0,0.911,0,-0.412,6.176,-2.452,-14.76,"S","J"],[1103.987,26.706,-1096.222,-0.415,0,-0.91,0,1,0,0.91,0,-0.415,6.178,-6.54,-14.759,"S","J"],[1104.09,26.563,-1096.468,-0.413,0,-0.911,0,1,0,0.911,0,-0.413,6.178,-9.81,-14.759,"S","J"],[1104.193,26.365,-1096.714,-0.417,0,-0.909,0,1,0,0.909,0,-0.417,6.178,-13.08,-14.759,"S","J"],[1104.297,26.113,-1096.96,-0.422,0,-0.907,0,1,0,0.907,0,-0.422,6.178,-16.35,-14.759,"S",1],[1104.4,26.986,-1097.206,-0.426,0,-0.905,0,1,0,0.905,0,-0.426,6.178,51.365,-14.759,5,"J"],[1104.521,27.808,-1097.443,-0.399,0,-0.917,0,1,0,0.917,0,-0.399,7.663,48.095,-14.04,"S","J"],[1104.649,28.576,-1097.677,-0.364,0,-0.931,0,1,0,0.931,0,-0.364,7.666,44.825,-14.041,"S","J"],[1104.776,29.289,-1097.911,-0.36,0,-0.933,0,1,0,0.933,0,-0.36,7.666,41.555,-14.041,"S","J"],[1104.904,29.947,-1098.145,-0.359,0,-0.933,0,1,0,0.933,0,-0.359,7.666,38.285,-14.041,"S","J"],[1105.032,30.551,-1098.379,-0.359,0,-0.933,0,1,0,0.933,0,-0.359,7.666,35.015,-14.041,"S","J"],[1105.159,31.101,-1098.613,-0.359,0,-0.933,0,1,0,0.933,0,-0.359,7.666,31.745,-14.041,"S","J"],[1105.287,31.596,-1098.847,-0.359,0,-0.933,0,1,0,0.933,0,-0.359,7.666,28.475,-14.041,"S","J"],[1105.415,32.036,-1099.081,-0.359,0,-0.933,0,1,0,0.933,0,-0.359,7.666,25.205,-14.041,"S","J"],[1105.542,32.422,-1099.315,-0.359,0,-0.933,0,1,0,0.933,0,-0.359,7.666,21.935,-14.041,"S","J"],[1105.67,32.754,-1099.549,-0.364,0,-0.932,0,1,0,0.932,0,-0.364,7.666,18.665,-14.041,"S","J"],[1105.799,33.031,-1099.783,-0.364,0,-0.932,0,1,0,0.932,0,-0.364,7.728,15.395,-14.007,"S","J"],[1105.927,33.254,-1100.016,-0.368,0,-0.93,0,1,0,0.93,0,-0.368,7.73,12.125,-14.006,"S","J"],[1106.057,33.422,-1100.249,-0.368,0,-0.93,0,1,0,0.93,0,-0.368,7.792,8.855,-13.972,"S","J"],[1106.187,33.535,-1100.482,-0.368,0,-0.93,0,1,0,0.93,0,-0.368,7.793,5.585,-13.971,"S","J"],[1106.317,33.594,-1100.715,-0.368,0,-0.93,0,1,0,0.93,0,-0.368,7.793,2.315,-13.971,"S","J"],[1106.448,33.599,-1100.948,-0.368,0,-0.93,0,1,0,0.93,0,-0.368,7.793,-0.955,-13.971,"S","J"],[1106.578,33.549,-1101.181,-0.364,0,-0.932,0,1,0,0.932,0,-0.364,7.793,-4.225,-13.971,"S","J"],[1106.707,33.444,-1101.415,-0.351,0,-0.936,0,1,0,0.936,0,-0.351,7.731,-7.495,-14.006,"S","J"],[1106.833,33.285,-1101.65,-0.338,0,-0.941,0,1,0,0.941,0,-0.338,7.542,-10.765,-14.108,"S","J"],[1106.955,33.072,-1101.886,-0.325,0,-0.946,0,1,0,0.946,0,-0.325,7.349,-14.035,-14.209,"S","J"],[1107.075,32.804,-1102.125,-0.317,0,-0.949,0,1,0,0.949,0,-0.317,7.155,-17.305,-14.308,"S","J"],[1107.193,32.481,-1102.364,-0.308,0,-0.951,0,1,0,0.951,0,-0.308,7.024,-20.575,-14.373,"S","J"],[1107.308,32.104,-1102.604,-0.304,0,-0.953,0,1,0,0.953,0,-0.304,6.893,-23.845,-14.436,"S","J"],[1107.422,31.673,-1102.846,-0.291,0,-0.957,0,1,0,0.957,0,-0.291,6.826,-27.115,-14.468,"S","J"],[1107.533,31.187,-1103.088,-0.278,0,-0.961,0,1,0,0.961,0,-0.278,6.632,-30.385,-14.559,"S","J"],[1107.64,30.646,-1103.332,-0.278,0,-0.961,0,1,0,0.961,0,-0.278,6.433,-33.655,-14.648,"S","J"],[1107.747,30.051,-1103.577,-0.273,0,-0.962,0,1,0,0.962,0,-0.273,6.429,-36.925,-14.65,"S","J"],[1107.854,29.402,-1103.821,-0.273,0,-0.962,0,1,0,0.962,0,-0.273,6.364,-40.195,-14.678,"S","J"],[1107.96,28.698,-1104.066,-0.291,0,-0.957,0,1,0,0.957,0,-0.291,6.362,-43.465,-14.679,"S","J"],[1108.07,27.939,-1104.309,-0.308,0,-0.951,0,1,0,0.951,0,-0.308,6.622,-46.735,-14.563,"S","J"],[1108.184,27.126,-1104.55,-0.312,0,-0.95,0,1,0,0.95,0,-0.312,6.885,-50.005,-14.44,"S","J"],[1108.3,26.259,-1104.79,-0.312,0,-0.95,0,1,0,0.95,0,-0.312,6.955,-53.275,-14.407,"S","J"],[1108.416,25.337,-1105.031,-0.317,0,-0.949,0,1,0,0.949,0,-0.317,6.956,-56.545,-14.406,"S","J"],[1108.532,24.36,-1105.27,-0.317,0,-0.949,0,1,0,0.949,0,-0.317,7.02,-59.815,-14.375,"S","J"],[1108.647,23.329,-1105.511,-0.299,0,-0.954,0,1,0,0.954,0,-0.299,6.834,-63.085,-14.465,"S","J"],[1108.76,22.244,-1105.753,-0.299,0,-0.954,0,1,0,0.954,0,-0.299,6.766,-66.355,-14.497,"S","J"],[1108.872,21.104,-1105.994,-0.295,0,-0.956,0,1,0,0.956,0,-0.295,6.764,-69.625,-14.498,"S","J"],[1108.954,20.994,-1106.176,-0.41,0,-0.912,0,1,0,0.912,0,-0.41,6.491,5.573,-14.533,7,0],[1109.038,21.053,-1106.423,-0.693,0,-0.721,0,1,0,0.721,0,-0.693,4.16,2.303,-15.031,8,"J"],[1109.066,21.315,-1106.754,-0.758,0,-0.653,0,1,0,0.653,0,-0.758,0.986,13.148,-15.952,"S","J"],[1109.102,21.489,-1107.017,-0.808,0,-0.589,0,1,0,0.589,0,-0.808,2.375,8.721,-15.796,"S","J"],[1109.041,21.55,-1107.262,-0.886,0,-0.464,0,1,0,0.464,0,-0.886,-6.699,1.903,-14.109,"S","J"],[1108.941,21.555,-1107.507,-0.935,0,-0.356,0,1,0,0.356,0,-0.935,-5.851,0.038,-14.775,"S","J"],[1108.858,21.511,-1107.758,-0.952,0,-0.305,0,1,0,0.305,0,-0.952,-4.907,-3.831,-15.138,"S","J"],[1108.776,21.414,-1108.01,-0.952,0,-0.307,0,1,0,0.307,0,-0.952,-4.882,-7.101,-15.124,"S","J"],[1108.694,21.346,-1108.262,-0.952,0,-0.307,0,1,0,0.307,0,-0.952,-4.881,-1.451,-15.124,"S","J"],[1108.582,21.343,-1108.417,-0.999,0,-0.036,0,1,0,0.036,0,-0.999,-10.697,-0.069,-11.241,"S","J"],[1108.394,21.311,-1108.599,-1,0,0.005,0,1,0,-0.005,0,-1,-11.411,-2.669,-10.847,"S","J"],[1108.219,21.274,-1108.795,-0.997,0,0.074,0,1,0,-0.074,0,-0.997,-10.326,-2.616,-11.921,"S","J"],[1108.005,21.219,-1109.044,-0.997,0,0.074,0,1,0,-0.074,0,-0.997,-10.304,-2.683,-11.942,"S","J"],[1107.812,21.166,-1109.311,-0.983,0,0.183,0,1,0,-0.183,0,-0.983,-9.088,-2.515,-12.926,"S","J"],[1107.603,21.124,-1109.437,-0.977,0,0.215,0,1,0,-0.215,0,-0.977,-14.588,-2.434,-4.364,"S","J"],[1107.359,21.074,-1109.529,-0.921,0,0.389,0,1,0,-0.389,0,-0.921,-14.615,-3.098,-5.693,"S","J"],[1107.139,21.024,-1109.668,-0.821,0,0.571,0,1,0,-0.571,0,-0.821,-13.044,-3.002,-8.752,"S","J"],[1106.919,20.919,-1109.817,-0.821,0,0.572,0,1,0,-0.572,0,-0.821,-13.166,-7.563,-9.002,"S","J"],[1106.705,20.759,-1109.975,-0.793,0,0.609,0,1,0,-0.609,0,-0.793,-12.798,-10.833,-9.528,"S","J"],[1106.476,20.665,-1110.214,-0.666,0,0.746,0,1,0,-0.746,0,-0.666,-10.793,-0.293,-11.69