[[1339.148,-16.557,-1133.612,-0.017,0,1,0,1,0,-1,0,-0.017,0,0.054,0,8,0],["s","v","S","J"],[1339.047,-16.556,-1133.573,-0.378,0,0.926,0,1,0,-0.926,0,-0.378,-9.598,0.029,3.739,"S","J"],[1338.818,-16.556,-1133.483,-0.365,0,0.931,0,1,0,-0.931,0,-0.365,-14.755,0.016,5.748,"S","J"],[1338.569,-16.556,-1133.387,-0.359,0,0.933,0,1,0,-0.933,0,-0.359,-14.931,0.009,5.74,"S","J"],[1338.32,-16.556,-1133.292,-0.359,0,0.933,0,1,0,-0.933,0,-0.359,-14.935,0.005,5.74,"S","J"],[1338.071,-16.556,-1133.196,-0.355,0,0.935,0,1,0,-0.935,0,-0.355,-14.935,0.003,5.74,"S","J"],[1337.822,-16.556,-1133.101,-0.355,0,0.935,0,1,0,-0.935,0,-0.355,-14.96,0.001,5.673,"S","J"],[1337.573,-16.556,-1133.007,-0.355,0,0.935,0,1,0,-0.935,0,-0.355,-14.961,0.001,5.672,"S","J"],[1337.323,-16.556,-1132.912,-0.355,0,0.935,0,1,0,-0.935,0,-0.355,-14.961,0,5.672,"S","J"],[1337.073,-16.556,-1132.817,-0.355,0,0.935,0,1,0,-0.935,0,-0.355,-14.961,0,5.672,"S","J"],[1336.824,-16.556,-1132.722,-0.35,0,0.937,0,1,0,-0.937,0,-0.35,-14.961,0,5.672,"S","J"],[1336.574,-16.556,-1132.629,-0.35,0,0.937,0,1,0,-0.937,0,-0.35,-14.986,0,5.606,"S","J"],[1336.324,-16.556,-1132.536,-0.35,0,0.937,0,1,0,-0.937,0,-0.35,-14.986,0,5.604,"S","J"],[1336.074,-16.556,-1132.442,-0.35,0,0.937,0,1,0,-0.937,0,-0.35,-14.986,0,5.604,"S","J"],[1335.824,-16.556,-1132.349,-0.35,0,0.937,0,1,0,-0.937,0,-0.35,-14.986,0,5.604,"S","J"],[1335.574,-16.556,-1132.256,-0.35,0,0.937,0,1,0,-0.937,0,-0.35,-14.986,0,5.604,"S","J"],[1335.324,-16.556,-1132.163,-0.35,0,0.937,0,1,0,-0.937,0,-0.35,"v","S","J"],[1335.074,-16.556,-1132.069,-0.355,0,0.935,0,1,0,-0.935,0,-0.355,-14.986,0,5.604,"S","J"],[1334.825,-16.556,-1131.975,-0.355,0,0.935,0,1,0,-0.935,0,-0.355,-14.961,0,5.671,"S","J"],[1334.575,-16.556,-1131.88,-0.355,0,0.935,0,1,0,-0.935,0,-0.355,-14.961,0,5.672,"S","J"],[1334.326,-16.556,-1131.786,-0.355,0,0.935,0,1,0,-0.935,0,-0.355,-14.961,0,5.672,"S","J"],[1334.076,-16.556,-1131.691,-0.355,0,0.935,0,1,0,-0.935,0,-0.355,-14.961,0,5.672,"S","J"],[1333.827,-16.556,-1131.596,-0.355,0,0.935,0,1,0,-0.935,0,-0.355,"v","S","J"],[1333.577,-16.556,-1131.501,-0.359,0,0.933,0,1,0,-0.933,0,-0.359,"v","S","J"],[1333.328,-16.556,-1131.406,-0.359,0,0.933,0,1,0,-0.933,0,-0.359,-14.935,0,5.739,"S","J"],[1333.079,-16.556,-1131.31,-0.359,0,0.933,0,1,0,-0.933,0,-0.359,-14.935,0,5.74,"S","J"],[1332.83,-16.556,-1131.214,-0.359,0,0.933,0,1,0,-0.933,0,-0.359,-14.935,0,5.74,"S","J"],[1332.581,-16.556,-1131.119,-0.359,0,0.933,0,1,0,-0.933,0,-0.359,-14.935,0,5.74,"S","J"],[1332.332,-16.556,-1131.023,-0.359,0,0.933,0,1,0,-0.933,0,-0.359,-14.935,0,5.74,"S","J"],[1332.083,-16.556,-1130.927,-0.359,0,0.933,0,1,0,-0.933,0,-0.359,"v","S","J"],[1331.834,-16.556,-1130.832,-0.359,0,0.933,0,1,0,-0.933,0,-0.359,-14.935,0,5.74,"S","J"],[1331.585,-16.556,-1130.736,-0.359,0,0.933,0,1,0,-0.933,0,-0.359,-14.935,0,5.74,"S","J"],[1331.337,-16.554,-1130.64,-0.359,0,0.933,0,1,0,-0.933,0,-0.359,-14.903,0.253,5.728,"S","J"],[1331.088,-16.546,-1130.545,-0.359,0,0.933,0,1,0,-0.933,0,-0.359,-14.902,0.602,5.727,"S","J"],[1330.841,-16.528,-1130.45,-0.359,0,0.933,0,1,0,-0.933,0,-0.359,-14.805,1.27,5.69,"S","J"],[1330.597,-16.5,-1130.356,-0.367,0,0.93,0,1,0,-0.93,0,-0.367,-14.638,1.911,5.626,"S","J"],[1330.353,-16.462,-1130.261,-0.371,0,0.928,0,1,0,-0.928,0,-0.371,-14.586,2.479,5.755,"S","J"],[1330.114,-16.415,-1130.165,-0.376,0,0.927,0,1,0,-0.927,0,-0.376,-14.333,2.988,5.732,"S","J"],[1329.876,-16.359,-1130.068,-0.38,0,0.925,0,1,0,-0.925,0,-0.38,-14.304,3.513,5.796,"S","J"],[1329.642,-16.293,-1129.973,-0.384,0,0.923,0,1,0,-0.923,0,-0.384,-13.996,4.149,5.745,"S","J"],[1329.409,-16.218,-1129.876,-0.388,0,0.922,0,1,0,-0.922,0,-0.388,-13.966,4.598,5.807,"S","J"],[1329.176,-16.141,-1129.778,-0.392,0,0.92,0,1,0,-0.92,0,-0.392,-13.942,4.63,5.871,"S","J"],[1328.944,-16.064,-1129.679,-0.401,0,0.916,0,1,0,-0.916,0,-0.401,-13.917,4.611,5.936,"S","J"],[1328.713,-15.984,-1129.579,-0.409,0,0.913,0,1,0,-0.913,0,-0.409,-13.868,4.816,6.062,"S","J"],[1328.483,-15.905,-1129.476,-0.409,0,0.913,0,1,0,-0.913,0,-0.409,-13.817,4.73,6.19,"S","J"],[1328.252,-15.824,-1129.373,-0.413,0,0.911,0,1,0,-0.911,0,-0.413,-13.816,4.876,6.193,"S","J"],[1328.022,-15.741,-1129.269,-0.413,0,0.911,0,1,0,-0.911,0,-0.413,-13.791,4.984,6.255,"S","J"],[1327.792,-15.656,-1129.164,-0.417,0,0.909,0,1,0,-0.909,0,-0.417,-13.79,5.045,6.256,"S","J"],[1327.563,-15.571,-1129.059,-0.426,0,0.905,0,1,0,-0.905,0,-0.426,-13.765,5.077,6.319,"S","J"],[1327.334,-15.485,-1128.952,-0.442,0,0.897,0,1,0,-0.897,0,-0.442,-13.712,5.09,6.445,"S","J"],[1327.107,-15.399,-1128.841,-0.458,0,0.889,0,1,0,-0.889,0,-0.458,-13.604,5.088,6.695,"S","J"],[1326.826,-15.293,-1128.697,-0.478,0,0.878,0,1,0,-0.878,0,-0.478,-13.489,5.013,6.949,"S","J"],[1326.659,-15.229,-1128.607,-0.498,0,0.867,0,1,0,-0.867,0,-0.498,-13.349,5.099,7.246,"S","J"],[1326.439,-15.144,-1128.481,-0.514,0,0.858,0,1,0,-0.858,0,-0.514,-13.189,5.023,7.565,"S","J"],[1326.221,-15.06,-1128.352,-0.517,0,0.856,0,1,0,-0.856,0,-0.517,-13.061,4.975,7.811,"S","J"],[1326.004,-14.977,-1128.22,-0.517,0,0.856,0,1,0,-0.856,0,-0.517,-13.026,4.939,7.876,"S","J"],[1325.786,-14.894,-1128.089,-0.521,0,0.853,0,1,0,-0.853,0,-0.521,-13.025,4.916,7.877,"S","J"],[1325.57,-14.812,-1127.957,-0.529,0,0.849,0,1,0,-0.849,0,-0.529,-12.993,4.901,7.937,"S","J"],[1325.354,-14.729,-1127.823,-0.533,0,0.846,0,1,0,-0.846,0,-0.533,-12.927,4.886,8.057,"S","J"],[1325.139,-14.647,-1127.688,-0.537,0,0.844,0,1,0,-0.844,0,-0.537,-12.892,4.869,8.118,"S","J"],[1324.925,-14.566,-1127.552,-0.537,0,0.844,0,1,0,-0.844,0,-0.537,-12.858,4.855,8.178,"S","J"],[1324.71,-14.484,-1127.415,-0.537,0,0.844,0,1,0,-0.844,0,-0.537,-12.858,4.844,8.18,"S","J"],[1324.496,-14.403,-1127.279,-0.537,0,0.844,0,1,0,-0.844,0,-0.537,-12.858,4.838,8.18,"S","J"],[1324.335,-14.341,-1127.177,-0.537,0,0.844,0,1,0,-0.844,0,-0.537,-12.858,4.88,8.18,"S","J"],[1324.067,-14.24,-1127.007,-0.537,0,0.844,0,1,0,-0.844,0,-0.537,-12.858,4.776,8.18,"S","J"],[1323.853,-14.159,-1126.87,-0.537,0,0.844,0,1,0,-0.844,0,-0.537,-12.858,4.834,8.18,"S","J"],[1323.639,-14.077,-1126.734,-0.537,0,0.844,0,1,0,-0.844,0,-0.537,-12.858,4.838,8.18,"S","J"],[1323.424,-13.996,-1126.598,-0.537,0,0.844,0,1,0,-0.844,0,-0.537,-12.858,4.836,8.18,"S","J"],[1323.21,-13.915,-1126.462,-0.537,0,0.844,0,1,0,-0.844,0,-0.537,-12.858,4.834,8.18,"S","J"],[1322.996,-13.833,-1126.326,-0.533,0,0.846,0,1,0,-0.846,0,-0.533,-12.858,4.832,8.18,"S",1],[1322.781,-12.97,-1126.189,-0.521,0,0.853,0,1,0,-0.853,0,-0.521,-12.858,50.547,8.18,3,"J"],[1322.556,-12.162,-1126.051,-0.514,0,0.858,0,1,0,-0.858,0,-0.514,-13.638,47.277,8.338,5,"J"],[1322.327,-11.408,-1125.913,-0.51,0,0.86,0,1,0,-0.86,0,-0.51,-13.727,44.007,8.22,"S","J"],[1322.098,-10.709,-1125.777,-0.499,0,0.866,0,1,0,-0.866,0,-0.499,-13.765,40.737,8.156,"S","J"],[1321.867,-10.064,-1125.644,-0.491,0,0.871,0,1,0,-0.871,0,-0.491,-13.873,37.467,7.971,"S","J"],[1321.634,-9.473,-1125.513,-0.476,0,0.879,0,1,0,-0.879,0,-0.476,-13.946,34.197,7.843,"S","J"],[1321.4,-8.938,-1125.386,-0.464,0,0.886,0,1,0,-0.886,0,-0.464,-14.084,30.927,7.591,"S",0],[1321.164,-8.456,-1125.262,-0.463,0,0.887,0,1,0,-0.887,0,-0.463,-14.187,27.657,7.398,"S","J"],[1320.927,-8.029,-1125.139,-0.462,0,0.887,0,1,0,-0.887,0,-0.462,-14.189,24.387,7.394,"S","J"],[1320.691,-7.657,-1125.016,-0.458,0,0.889,0,1,0,-0.889,0,-0.458,-14.189,21.117,7.394,"S","J"],[1320.454,-7.339,-1124.894,-0.458,0,0.889,0,1,0,-0.889,0,-0.458,-14.222,17.847,7.331,"S","J"],[1320.217,-7.076,-1124.772,-0.458,0,0.889,0,1,0,-0.889,0,-0.458,-14.223,14.577,7.329,"S","J"],[1319.981,-6.867,-1124.65,-0.454,0,0.891,0,1,0,-0.891,0,-0.454,-14.223,11.307,7.329,"S","J"],[1319.743,-6.712,-1124.529,-0.454,0,0.891,0,1,0,-0.891,0,-0.454,-14.255,8.037,7.266,"S","J"],[1319.505,-6.612,-1124.408,-0.454,0,0.891,0,1,0,-0.891,0,-0.454,-14.256,4.767,7.265,"S","J"],[1319.267,-6.567,-1124.287,-0.454,0,0.891,0,1,0,-0.891,0,-0.454,-14.256,1.497,7.265,"S","J"],[1319.03,-6.576,-1124.166,-0.45,0,0.893,0,1,0,-0.893,0,-0.45,-14.256,-1.773,7.265,"S","J"],[1318.792,-6.64,-1124.045,-0.45,0,0.893,0,1,0,-0.893,0,-0.45,-14.288,-5.043,7.201,"S","J"],[1318.553,-6.758,-1123.925,-0.45,0,0.893,0,1,0,-0.893,0,-0.45,-14.289,-8.313,7.2,"S","J"],[1318.315,-6.93,-1123.805,-0.45,0,0.893,0,1,0,-0.893,0,-0.45,-14.289,-11.583,7.2,"S","J"],[1318.077,-7.158,-1123.685,-0.446,0,0.895,0,1,0,-0.895,0,-0.446,-14.289,-14.853,7.2,"S","J"],[1317.838,-7.439,-1123.566,-0.446,0,0.895,0,1,0,-0.895,0,-0.446,-14.32,-18.123,7.136,"S","J"],[1317.599,-7.775,-1123.447,-0.446,0,0.895,0,1,0,-0.895,0,-0.446,-14.321,-21.393,7.135,"S","J"],[1317.36,-8.166,-1123.328,-0.446,0,0.895,0,1,0,-0.895,0,-0.446,-14.321,-24.663,7.135,"S","J"],[1317.122,-8.611,-1123.208,-0.446,0,0.895,0,1,0,-0.895,0,-0.446,-14.321,-27.933,7.135,"S","J"],[1316.883,-9.111,-1123.089,-0.45,0,0.893,0,1,0,-0.893,0,-0.45,-14.321,-31.203,7.135,"S","J"],[1316.645,-9.665,-1122.969,-0.45,0,0.893,0,1,0,-0.893,0,-0.45,-14.289,-34.473,7.199,"S","J"],[1316.417,-9.749,-1122.855,-0.45,0,0.893,0,1,0,-0.893,0,-0.45,-13.56,-0.682,6.833,7,"J"],[1316.191,-9.751,-1122.741,-0.45,0,0.893,0,1,0,-0.893,0,-0.45,-13.546,-0.013,6.826,"S","J"],[1315.966,-9.851,-1122.627,-0.45,0,0.893,0,1,0,-0.893,0,-0.45,-13.546,-7.701,6.826,8,"J"],[1315.74,-10.014,-1122.513,-0.45,0,0.893,0,1,0,-0.893,0,-0.45,-13.546,-10.971,6.826,"S","J"],[1315.511,-10.231,-1122.398,-0.45,0,0.893,0,1,0,-0.893,0,-0.45,-13.806,-14.241,6.957,"S","J"],[1315.281,-10.502,-1122.281,-0.45,0,0.893,0,1,0,-0.893,0,-0.45,-13.811,-17.511,6.959,"S","J"],[1315.047,-10.515,-1122.164,-0.45,0,0.893,0,1,0,-0.893,0,-0.45,-14.017,3.294,7.063,"S","J"],[1314.812,-10.375,-1122.045,-0.458,0,0.889,0,1,0,-0.889,0,-0.458,-14.168,9.082,7.139,"S","J"],[1314.576,-10.244,-1121.924,-0.478,0,0.878,0,1,0,-0.878,0,-0.478,-14.107,6.926,7.267,"S","J"],[1314.342,-10.091,-1121.798,-0.494,0,0.869,0,1,0,-0.869,0,-0.494,-14.026,8.954,7.628,"S","J"],["s","v","S","J"],[1314.14,-9.969,-1121.627,-0.679,-0.001,0.734,0,1,0.001,-0.734,0.001,-0.679,-11.887,6.217,10.634,"S","J"],[1313.942,-9.834,-1121.449,-0.673,0,0.739,0,1,0,-0.739,0,-0.673,-11.876,7.734,10.722,"S","J"],[1313.793,-9.755,-1121.315,-0.671,0,0.742,0,1,0,-0.742,0,-0.671,-11.877,5.584,10.725,"S","J"],[1313.595,-9.688,-1121.136,-0.677,0,0.736,0,1,0,-0.736,0,-0.677,-11.875,3.213,10.724,"S","J"],[1313.35,-9.644,-1120.911,-0.684,0,0.73,0,1,0,-0.73,0,-0.684,-11.778,1.529,10.83,"S","J"],[1313.155,-9.627,-1120.729,-0.697,0,0.717,0,1,0,-0.717,0,-0.697,-11.68,0.835,10.935,"S","J"],[1312.963,-9.617,-1120.544,-0.719,0,0.695,0,1,0,-0.695,0,-0.719,-11.482,0.455,11.143,"S","J"],[1312.777,-9.612,-1120.353,-0.744,0,0.668,0,1,0,-0.668,0,-0.744,-11.125,0.248,11.499,"S","J"],[1312.598,-9.609,-1120.155,-0.756,0,0.655,0,1,0,-0.655,0,-0.756,-10.702,0.135,11.894,"S","J"],[1312.422,-9.607,-1119.954,-0.768,0,0.641,0,1,0,-0.641,0,-0.768,-10.48,0.074,12.09,"S","J"],[1312.251,-9.607,-1119.75,-0.773,0,0.634,0,1,0,-0.634,0,-0.773,-10.258,0.04,12.279,"S","J"],[1312.082,-9.606,-1119.544,-0.779,0,0.627,0,1,0,-0.627,0,-0.779,-10.144,0.022,12.373,"S","J"],[1311.914,-9.606,-1119.337,-0.79,0,0.613,0,1,0,-0.613,0,-0.79,-10.032,0.012,12.465,"S","J"],[1311.75,-9.606,-1119.126,-0.807,0,0.591,0,1,0,-0.591,0,-0.807,-9.806,0.006,12.643,"S","J"],[1311.592,-9.606,-1118.912,-0.823,0,0.569,0,1,0,-0.569,0,-0.823,-9.46,0.004,12.903,"S","J"],[1311.439,-9.606,-1118.693,-0.835,0,0.55,0,1,0,-0.55,0,-0.835,-9.106,0.002,13.156,"S","J"],[1311.292,-9.606,-1118.471,-0.85,0,0.527,0,1,0,-0.527,0,-0.85,-8.804,0.001,13.36,"S","J"],[1311.151,-9.606,-1118.245,-0.864,0,0.504,0,1,0,-0.504,0,-0.864,-8.438,0.001,13.594,"S","J"],[1311.015,-9.606,-1118.015,-0.88,0,0.476,0,1,0,-0.476,0,-0.88,-8.065,0,13.819,"S","J"],[1310.887,-9.606,-1117.781,-0.898,0,0.44,0,1,0,-0.44,0,-0.898,-7.623,0,14.067,"S","J"],[1310.769,-9.606,-1117.542,-0.919,0,0.394,0,1,0,-0.394,0,-0.919,-7.045,0,14.365,"S","J"],[1310.661,-9.606,-1117.298,-0.938,0,0.348,0,1,0,-0.348,0,-0.938,-6.322,0,14.698,"S","J"],[1310.567,-9.606,-1117.049,-0.954,0,0.301,0,1,0,-0.301,0,-0.954,-5.581,0,14.995,"S","J"],[1310.485,-9.606,-1116.795,-0.97,0,0.244,0,1,0,-0.244,0,-0.97,-4.826,0,15.254,"S","J"],[1310.417,-9.606,-1116.537,-0.982,0,0.186,0,1,0,-0.186,0,-0.982,-3.921,0,15.512,"S","J"],[1310.365,-9.606,-1116.276,-0.992,0,0.128,0,1,0,-0.128,0,-0.992,-2.999,0,15.716,"S","J"],[1310.329,-9.606,-1116.012,-0.996,0,0.092,0,1,0,-0.092,0,-0.996,-2.068,0,15.865,"S","J"],[1310.303,-9.606,-1115.746,-0.998,0,0.069,0,1,0,-0.069,0,-0.998,-1.483,0,15.931,"S","J"],[1310.253,-9.606,-1115.53,-1,0,-0.003,0,1,0,0.003,0,-1,-8.428,0,4.162,"S","J"],[1310.167,-9.606,-1115.383,-0.997,-0.004,-0.074,-0.003,1,-0.013,0.074,-0.013,-0.997,-3.942,-0.012,9.972,"S","J"],[1310.109,-9.605,-1115.218,-0.972,0.001,-0.236,0.001,1,-0.001,0.236,-0.001,-0.972,-4.229,0.338,7.687,"S","J"],[1309.992,-9.609,-1115.028,-0.927,0,-0.375,0,1,0,0.375,0,-0.927,-9.296,-0.01,9.618,"S","J"],[1309.915,-9.608,-1114.802,-0.715,0,-0.699,0,1,0,0.699,0,-0.715,-2.467,0.063,15.409,"S","J"],[1309.641,-8.879,-1114.954,0.716,-0.029,-0.698,0.072,0.997,0.032,0.695,-0.073,0.715,-6.848,58.264,5.875,3,"J"],[1309.498,-7.665,-1114.831,0.691,-0.066,-0.72,0.176,0.981,0.08,0.701,-0.182,0.689,-6.837,58.265,5.9,"S",1],[1309.385,-6.694,-1114.733,0.493,-0.051,-0.869,0.265,0.96,0.094,0.829,-0.277,0.486,-6.829,58.267,5.935,"S","J"],[1309.151,-5.754,-1114.758,-0.08,0.057,-0.995,0.149,0.988,0.045,0.986,-0.145,-0.087,-7.088,55.114,5.957,5,"J"],[1309.048,-4.871,-1114.693,-0.742,0.056,-0.668,0.041,0.998,0.038,0.669,0,-0.743,-5.251,51.601,2.888,"S","J"],[1308.993,-4.046,-1114.67,-0.999,0.002,0.041,0.003,1,0.027,-0.041,0.027,-0.999,-2.246,48.31,0.75,"S","J"],[1308.942,-3.274,-1114.641,-0.455,-0.016,0.891,-0.006,1,0.015,-0.891,0.002,-0.455,-3.697,45.043,2.294,"S","J"],[1308.86,-2.558,-1114.584,0.123,-0.004,0.992,-0.006,1,0.005,-0.992,-0.006,0.123,-5.643,41.771,3.999,"S","J"],[1308.741,-1.896,-1114.51,0.247,0.001,0.969,-0.003,1,0,-0.969,-0.002,0.247,-8.003,38.501,4.752,"S",0],[1308.583,-1.288,-1114.432,0.401,0.001,0.916,-0.001,1,-0.001,-0.916,0,0.401,-10.413,35.231,4.585,"S",1],[1308.329,-0.605,-1114.342,0.424,0,0.906,0,1,0,-0.906,0,0.424,-13.354,31.143,4.132,"S","J"],[1308.292,-0.168,-1114.447,0.738,-0.003,0.675,-0.004,1,0.009,-0.675,-0.009,0.738,-0.243,24.078,-8.269,"S",0],[1308.253,0.283,-1114.63,0.734,-0.001,0.679,-0.002,1,0.004,-0.679,-0.004,0.734,-2.982,19.991,-9.171,"S","J"],[1308.179,0.582,-1114.79,0.723,0,0.691,0,1,0.001,-0.691,-0.001,0.723,-5.288,16.721,-9.877,"S","J"],[1308.033,0.879,-1115.006,0.723,0,0.691,0,1,0,-0.691,0,0.723,-8.162,12.634,-10.734,"S","J"],[1307.912,1.07,-1115.166,0.674,0,0.738,0,1,0,-0.738,0,0.674,-6.721,11.227,-8.843,12,"J"],["s","v","S",1],[1307.938,1.692,-1115.191,-0.986,-0.007,0.165,0,0.999,0.044,-0.165,0.043,-0.985,7.323,30.898,-4.778,8,"J"],[1308.03,2.41,-1115.252,-0.981,-0.012,0.196,-0.004,0.999,0.042,-0.196,0.041,-0.98,7.379,56.673,-5.011,3,"J"],[1308.182,3.328,-1115.348,-0.987,-0.008,0.16,-0.005,1,0.021,-0.16,0.019,-0.987,10.034,53.865,-6.132,5,"J"],[1308.364,4.189,-1115.431,-0.989,-0.004,0.149,-0.003,1,0.004,-0.149,0.004,-0.989,11.478,50.324,-4.344,"S","J"],[1308.57,4.992,-1115.484,-0.991,-0.001,0.131,-0.001,1,0,-0.131,-0.001,-0.991,12.872,46.872,-2.611,"S","J"],[1308.799,5.738,-1115.51,-0.994,0,0.113,0,1,-0.001,-0.113,-0.001,-0.994,14.281,43.548,-0.976,"S",0],[1309.051,6.43,-1115.509,-0.996,0,0.086,0,1,0,-0.086,0,-0.996,15.702,40.275,0.616,"S","J"],[1309.328,7.067,-1115.482,-0.999,0,0.05,0,1,0,-0.05,0,-0.999,17.186,37.01,2.153,"S",1],[1309.599,7.65,-1115.454,-0.999,0,-0.037,0,1,0,0.037,0,-0.999,15.962,33.74,1.546,"S","J"],[1309.864,8.178,-1115.429,-0.999,0,-0.032,0,1,0,0.032,0,-0.999,15.926,30.47,1.528,"S","J"],[1310.129,8.652,-1115.402,-0.999,0,-0.032,0,1,0,0.032,0,-0.999,15.917,27.2,1.599,"S","J"],["s","v","S",0],[1310.393,9.071,-1115.361,-0.997,0,0.082,0,1,0,-0.082,0,-0.997,15.776,23.93,2.661,"S","J"],[1310.656,9.436,-1115.315,-0.999,0,0.05,0,1,0,-0.05,0,-0.999,15.759,20.66,2.757,"S","J"],[1310.918,9.746,-1115.268,-0.999,0,0.05,0,1,0,-0.05,0,-0.999,15.747,17.39,2.829,"S","J"],[1311.181,10.002,-1115.22,-0.999,0,0.054,0,1,0,-0.054,0,-0.999,15.734,14.12,2.9,"S","J"],[1311.443,10.203,-1115.17,-0.998,0,0.059,0,1,0,-0.059,0,-0.998,15.72,10.85,2.971,"S","J"],[1311.705,10.35,-1115.12,-0.998,0,0.063,0,1,0,-0.063,0,-0.998,15.706,7.58,3.043,"S","J"],[1311.901,10.424,-1115.081,-0.995,0,0.096,0,1,0,-0.096,0,-0.995,15.694,5.128,3.112,"S","J"],[1312.163,10.476,-1115.029,-0.998,0,0.068,0,1,0,-0.068,0,-0.998,15.693,1.858,3.115,"S","J"],[1312.49,10.463,-1114.963,-0.999,0,0.034,0,1,0,-0.034,0,-0.999,15.678,-2.23,3.186,"S","J"],[1312.686,10.385,-1114.923,-0.986,0,0.168,0,1,0,-0.168,0,-0.986,15.677,-7.253,3.196,7,"J"],[1312.947,10.231,-1114.87,-0.981,0,0.194,0,1,0,-0.194,0,-0.981,15.678,-10.523,3.195,"S","J"],["s","v",8,"J"],[1313.271,9.96,-1114.791,-0.971,0,0.24,0,1,0,-0.24,0,-0.971,15.535,-14.61,3.827,"S","J"],[1313.465,9.757,-1114.743,-0.971,0,0.24,0,1,0,-0.24,0,-0.971,15.534,-17.063,3.832,"S","J"],[1313.724,9.439,-1114.679,-0.971,0,0.24,0,1,0,-0.24,0,-0.971,15.534,-20.333,3.832,"S","J"],[1313.982,9.066,-1114.615,-0.974,0,0.226,0,1,0,-0.226,0,-0.974,15.534,-23.603,3.832,"S","J"],[1314.242,8.872,-1114.555,-0.975,0,0.222,0,1,0,-0.222,0,-0.975,15.584,-2.765,3.624,"S","J"],[1314.502,8.884,-1114.495,-0.975,0,0.222,0,1,0,-0.222,0,-0.975,15.601,1.509,3.551,"S","J"],[1314.827,8.913,-1114.421,-0.976,0,0.217,0,1,0,-0.217,0,-0.976,15.601,1.16,3.549,"S","J"],[1315.022,8.924,-1114.378,-0.978,0,0.209,0,1,0,-0.209,0,-0.978,15.616,0.782,3.482,"S","J"],[1315.348,8.935,-1114.308,-0.98,0,0.2,0,1,0,-0.2,0,-0.98,15.648,0.377,3.338,"S","J"],[1315.609,8.939,-1114.254,-0.981,0,0.195,0,1,0,-0.195,0,-0.981,15.677,0.207,3.197,"S","J"],[1315.871,8.942,-1114.202,-0.982,0,0.191,0,1,0,-0.191,0,-0.982,15.692,0.113,3.125,"S","J"],[1316.067,8.943,-1114.163,-0.982,0,0.191,0,1,0,-0.191,0,-0.982,15.705,0.071,3.056,"S","J"],[1316.395,8.944,-1114.1,-0.982,0,0.191,0,1,0,-0.191,0,-0.982,15.706,0.033,3.052,"S","J"],[1316.591,8.944,-1114.062,-0.982,0,0.191,0,1,0,-0.191,0,-0.982,15.706,0.021,3.052,"S","J"],["s","v","S","J"],[1316.922,8.944,-1114.022,-0.994,0,0.106,0,1,0,-0.106,0,-0.994,15.901,0.01,1.77,"S","J"],[1317.12,8.944,-1114.001,-0.994,0,0.106,0,1,0,-0.106,0,-0.994,15.91,0.006,1.693,"S","J"],[1317.452,8.944,-1113.965,-0.994,0,0.106,0,1,0,-0.106,0,-0.994,15.911,0.003,1.688,"S","J"],[1317.651,8.944,-1113.944,-0.994,0,0.106,0,1,0,-0.106,0,-0.994,15.911,0.002,1.688,"S","J"],[1317.916,8.944,-1113.916,-0.994,0,0.106,0,1,0,-0.106,0,-0.994,15.911,0.001,1.688,"S","J"],[1318.247,8.944,-1113.88,-0.995,0,0.101,0,1,0,-0.101,0,-0.995,15.911,0,1.688,"S","J"],[1318.446,8.944,-1113.86,-0.995,0,0.101,0,1,0,-0.101,0,-0.995,15.918,0,1.62,"S","J"],[1318.711,8.944,-1113.833,-0.995,0,0.101,0,1,0,-0.101,0,-0.995,15.918,0,1.616,"S","J"],[1318.976,8.944,-1113.806,-0.994,0,0.106,0,1,0,-0.106,0,-0.994,15.918,0,1.616,"S","J"],[1319.308,8.944,-1113.771,-0.993,0,0.115,0,1,0,-0.115,0,-0.993,15.911,0,1.688,"S","J"],[1319.573,8.944,-1113.741,-0.992,0,0.128,0,1,0,-0.128,0,-0.992,15.895,0,1.83,"S","J"],["s","v","S","J"],[1319.901,8.944,-1113.681,-0.975,0,0.222,0,1,0,-0.222,0,-0.975,15.708,0,3.042,"S","J"],[1320.096,8.944,-1113.637,-0.972,0,0.235,0,1,0,-0.235,0,-0.972,15.607,0,3.523,"S","J"],[1320.355,8.944,-1113.575,-0.972,0,0.235,0,1,0,-0.235,0,-0.972,15.553,0,3.757,"S","J"],[1320.615,8.944,-1113.513,-0.972,0,0.235,0,1,0,-0.235,0,-0.972,15.552,0,3.761,"S","J"],[1320.874,8.944,-1113.45,-0.972,0,0.235,0,1,0,-0.235,0,-0.972,15.552,0,3.761,"S","J"],[1321.133,8.944,-1113.388,-0.973,0,0.231,0,1,0,-0.231,0,-0.973,15.552,0,3.761,"S","J"],[1321.392,8.944,-1113.326,-0.974,0,0.226,0,1,0,-0.226,0,-0.974,15.568,0,3.692,"S","J"],[1321.652,8.944,-1113.266,-0.974,0,0.226,0,1,0,-0.226,0,-0.974,15.585,0,3.622,"S","J"],[1321.912,8.944,-1113.205,-0.976,0,0.217,0,1,0,-0.217,0,-0.976,15.585,0,3.62,"S","J"],[1322.172,8.944,-1113.147,-0.978,0,0.209,0,1,0,-0.209,0,-0.978,15.617,0,3.481,"S","J"],[1322.433,8.944,-1113.091,-0.98,0,0.2,0,1,0,-0.2,0,-0.98,15.648,0,3.34,"S","J"],[1322.694,8.944,-1113.037,-0.98,0,0.2,0,1,0,-0.2,0,-0.98,15.677,0,3.197,"S","J"],[1322.955,8.944,-1112.984,-0.981,0,0.195,0,1,0,-0.195,0,-0.981,15.678,0,3.195,"S","J"],[1323.217,8.944,-1112.932,-0.981,0,0.195,0,1,0,-0.195,0,-0.981,15.692,0,3.125,"S","J"],[1323.479,8.944,-1112.879,-0.981,0,0.195,0,1,0,-0.195,0,-0.981,15.692,0,3.123,"S","J"],[1323.74,8.944,-1112.827,-0.981,0,0.195,0,1,0,-0.195,0,-0.981,15.692,0,3.123,"S","J"],[1324.002,8.944,-1112.775,-0.981,0,0.195,0,1,0,-0.195,0,-0.981,15.692,0,3.123,"S","J"],[1324.264,8.944,-1112.723,-0.981,0,0.195,0,1,0,-0.195,0,-0.981,"v","S","J"],[1324.526,8.944,-1112.67,-0.981,0,0.195,0,1,0,-0.195,0,-0.981,"v","S","J"],[1324.787,8.944,-1112.618,-0.981,0,0.195,0,1,0,-0.195,0,-0.981,"v","S","J"],[1325.049,8.944,-1112.566,-0.982,0,0.191,0,1,0,-0.191,0,-0.982,"v","S","J"],[1325.311,8.944,-1112.515,-0.982,0,0.191,0,1,0,-0.191,0,-0.982,15.706,0,3.053,"S","J"],[1325.573,8.944,-1112.464,-0.982,0,0.186,0,1,0,-0.186,0,-0.982,15.706,0,3.052,"S","J"],[1325.835,8.944,-1112.414,-0.982,0,0.186,0,1,0,-0.186,0,-0.982,15.72,0,2.982,"S","J"],[1326.097,8.944,-1112.364,-0.984,0,0.177,0,1,0,-0.177,0,-0.984,15.72,0,2.981,"S","J"],[1326.358,8.944,-1112.323,-0.988,0,0.157,0,1,0,-0.157,0,-0.988,15.676,0,2.399,"S","J"],[1326.621,8.944,-1112.28,-0.99,0,0.138,0,1,0,-0.138,0,-0.99,15.781,0,2.619,"S","J"],[1326.885,8.944,-1112.242,-0.994,0,0.11,0,1,0,-0.11,0,-0.994,15.838,0,2.272,"S",1],[1327.216,10.049,-1112.229,-0.997,0,0.073,-0.001,1,-0.007,-0.073,-0.007,-0.997,15.79,53,1.937,3,"J"],[1327.417,10.684,-1112.253,-1,-0.002,0,-0.002,1,-0.017,0,-0.017,-1,15.932,49.883,-0.501,5,"J"],[1327.684,11.469,-1112.303,-0.996,-0.004,-0.086,-0.003,1,-0.015,0.086,-0.015,-0.996,15.978,45.715,-1.881,"S","J"],[1328.018,12.358,-1112.372,-0.983,-0.004,-0.185,-0.003,1,-0.006,0.185,-0.006,-0.983,15.95,40.684,-3.051,"S","J"],[1328.284,13.002,-1112.399,-0.981,-0.002,-0.194,-0.001,1,-0.004,0.194,-0.004,-0.981,15.996,37.414,-1.11,"S","J"],[1328.55,13.591,-1112.417,-0.98,0,-0.198,0,1,-0.001,0.198,-0.001,-0.98,15.97,34.144,-1.103,"S","J"],[1328.75,13.998,-1112.431,-0.986,0,-0.166,0,1,0,0.166,0,-0.986,15.964,31.692,-1.055,"S","J"],[1329.016,14.492,-1112.448,-0.981,0,-0.194,0,1,0,0.194,0,-0.981,15.961,28.422,-1.065,"S","J"],[1329.349,15.033,-1112.469,-0.978,0,-0.209,0,1,0,0.209,0,-0.978,15.968,24.334,-0.996,"S","J"],[1329.549,15.317,-1112.479,-0.992,0,-0.126,0,1,0,0.126,0,-0.992,15.983,21.882,-0.721,"S","J"],[1329.815,15.647,-1112.486,-0.992,0,-0.123,0,1,0,0.123,0,-0.992,15.995,18.612,-0.42,"S","J"],[1330.082,15.923,-1112.485,-0.995,0,-0.1,0,1,0,0.1,0,-0.995,15.999,15.342,0.155,"S","J"],[1330.415,16.192,-1112.475,-0.993,0,-0.12,0,1,0,0.12,0,-0.993,15.991,11.254,0.527,"S","J"],[1330.682,16.345,-1112.463,-0.997,0,-0.073,0,1,0,0.073,0,-0.997,15.983,7.984,0.743,"S","J"],[1330.881,16.425,-1112.452,-0.999,0,-0.035,0,1,0,0.035,0,-0.999,15.972,5.532,0.953,"S","J"],[1331.411,16.486,-1112.442,-0.914,0,-0.406,0,1,0,0.406,0,-0.914,15.702,-1.008,-1.332,"S",0],[1331.736,16.414,-1112.504,-0.926,0,-0.378,0,1,0,0.378,0,-0.926,15.545,-5.096,-3.709,"S","J"],[1331.996,16.295,-1112.559,-0.946,0,-0.326,0,1,0,0.326,0,-0.946,15.667,-8.366,-3.24,"S","J"],[1332.257,16.122,-1112.617,-0.938,0,-0.347,0,1,0,0.347,0,-0.938,15.61,-11.636,-3.507,"S","J"],[1332.579,15.828,-1112.7,-0.91,0,-0.415,0,1,0,0.415,0,-0.91,15.468,-15.723,-4.08,"S","J"],[1332.837,15.532,-1112.768,-0.923,0,-0.385,0,1,0,0.385,0,-0.923,15.467,-18.993,-4.086,"S","J"],[1333.031,15.274,-1112.82,-0.935,0,-0.354,0,1,0,0.354,0,-0.935,15.451,-21.446,-4.151,"S","J"],[1333.353,14.777,-1112.906,-0.91,0,-0.415,0,1,0,0.415,0,-0.91,15.454,-25.533,-4.145,"S","J"],[1333.675,14.194,-1112.993,-0.91,0,-0.415,0,1,0,0.415,0,-0.91,15.45,-29.621,-4.153,"S","J"],[1334.001,13.525,-1113.062,-0.934,0,-0.358,0,1,0,0.358,0,-0.934,15.665,-33.708,-3.237,"S","J"],["s","v",8,1],[1334.327,14.609,-1113.129,-0.892,0,-0.451,0,1,0,0.451,0,-0.892,15.665,50.547,-3.236,3,"J"],[1334.515,15.212,-1113.104,-0.95,0.002,-0.313,0.002,1,0,0.313,0,-0.95,14.582,47.075,2.462,5,"J"],[1334.742,15.962,-1113.043,-0.953,0.002,-0.303,0.002,1,0,0.303,0,-0.953,13.068,43.805,4.365,"S","J"],[1334.945,16.658,-1112.95,-0.952,0.001,-0.306,0.001,1,0,0.306,0,-0.952,11.641,40.535,6.267,"S","J"],["s","v","S","J"],[1335.17,17.452,-1112.787,-0.582,0,0.813,0,1,0,-0.813,0,-0.582,10.292,36.447,8.906,"S","J"],[1335.292,17.887,-1112.662,-0.561,0,0.828,0,1,0,-0.828,0,-0.561,9.478,33.995,10.497,"S","J"],[1335.439,18.42,-1112.465,-0.59,0,0.807,0,1,0,-0.807,0,-0.59,8.392,30.725,12.62,"S","J"],[1335.569,18.898,-1112.237,-0.591,0,0.807,0,1,0,-0.807,0,-0.591,7.689,27.455,13.993,"S","J"],[1335.697,19.321,-1112.003,-0.591,0,0.807,0,1,0,-0.807,0,-0.591,7.663,24.185,14.043,"S","J"],[1335.825,19.69,-1111.769,-0.591,0,0.807,0,1,0,-0.807,0,-0.591,7.663,20.915,14.044,"S","J"],[1335.952,20.005,-1111.535,-0.591,0,0.807,0,1,0,-0.807,0,-0.591,7.663,17.645,14.044,"S","J"],[1336.08,20.265,-1111.301,-0.594,0,0.804,0,1,0,-0.804,0,-0.594,7.663,14.375,14.044,"S","J"],[1336.208,20.47,-1111.067,-0.594,0,0.804,0,1,0,-0.804,0,-0.594,7.725,11.105,14.01,"S","J"],[1336.337,20.621,-1110.834,-0.602,0,0.799,0,1,0,-0.799,0,-0.602,7.726,7.835,14.008,"S","J"],[1336.5,20.733,-1110.543,-0.635,0,0.773,0,1,0,-0.773,0,-0.635,7.851,3.747,13.938,"S","J"],[1336.599,20.76,-1110.37,-0.586,0,0.811,0,1,0,-0.811,0,-0.586,7.973,1.295,13.87,"S","J"],[1336.733,20.747,-1110.139,-0.619,0,0.785,0,1,0,-0.785,0,-0.619,8.04,-1.975,13.83,"S",0],[1336.864,20.68,-1109.907,-0.598,0,0.802,0,1,0,-0.802,0,-0.598,7.794,-5.245,13.971,"S","J"],[1336.994,20.559,-1109.674,-0.594,0,0.804,0,1,0,-0.804,0,-0.594,7.789,-8.515,13.974,"S","J"],[1337.123,20.383,-1109.441,-0.591,0,0.807,0,1,0,-0.807,0,-0.591,7.727,-11.785,14.008,"S","J"],[1337.25,20.152,-1109.207,-0.591,0,0.807,0,1,0,-0.807,0,-0.591,7.663,-15.055,14.043,"S","J"],[1337.378,19.867,-1108.972,-0.587,0,0.81,0,1,0,-0.81,0,-0.587,7.662,-18.325,14.044,"S","J"],[1337.505,19.528,-1108.738,-0.587,0,0.81,0,1,0,-0.81,0,-0.587,7.599,-21.595,14.078,"S","J"],[1337.632,19.134,-1108.503,-0.587,0,0.81,0,1,0,-0.81,0,-0.587,7.598,-24.865,14.078,8,"J"],[1337.792,19.602,-1108.211,-0.517,0,0.856,0,1,0,-0.856,0,-0.517,7.713,29.993,14.018,"S","J"],[1337.889,19.925,-1108.036,-0.486,0,0.874,0,1,0,-0.874,0,-0.486,7.774,23.331,13.985,"S","J"],[1338.019,20.234,-1107.803,-0.486,0,0.874,0,1,0,-0.874,0,-0.486,7.777,15.383,13.983,"S","J"],[1338.148,20.406,-1107.57,-0.486,0,0.874,0,1,0,-0.874,0,-0.486,7.777,8.007,13.983,"S","J"],[1338.277,20.498,-1107.337,-0.486,0,0.874,0,1,0,-0.874,0,-0.486,7.777,4.301,13.983,"S","J"],[1338.407,20.548,-1107.104,-0.486,0,0.874,0,1,0,-0.874,0,-0.486,7.777,2.333,13.983,"S","J"],[1338.536,20.586,-1106.871,-0.486,0,0.874,0,1,0,-0.874,0,-0.486,7.777,2.062,13.983,"S","J"],[1338.666,20.612,-1106.638,-0.486,0,0.874,0,1,0,-0.874,0,-0.486,7.777,1.248,13.983,"S","J"],[1338.795,20.627,-1106.406,-0.486,0,0.874,0,1,0,-0.874,0,-0.486,7.777,0.699,13.983,"S","J"],[1338.924,20.635,-1106.173,-0.486,0,0.874,0,1,0,-0.874,0,-0.486,7.777,0.384,13.983,"S","J"],[1339.054,20.639,-1105.94,-0.486,0,0.874,0,1,0,-0.874,0,-0.486,7.777,0.209,13.983,"S","J"],[1339.183,20.635,-1105.707,-0.486,0,0.874,0,1,0,-0.874,0,-0.486,7.777,-0.032,13.983,"S","J"],[1339.313,20.635,-1105.474,-0.47,0,0.883,0,1,0,-0.883,0,-0.47,7.777,-0.001,13.983,"S",1],[1339.474,21.719,-1105.183,-0.446,0,0.895,0,1,0,-0.895,0,-0.446,7.777,50.547,13.983,3,"J"],[1339.565,22.33,-1105.005,-0.485,0,0.874,0,1,0,-0.874,0,-0.485,7.169,48.095,14.303,5,"J"],[1339.68,23.098,-1104.764,-0.527,0,0.85,0,1,0,-0.85,0,-0.527,6.88,44.825,14.445,"S","J"],[1339.82,23.98,-1104.462,-0.558,0,0.83,0,1,0,-0.83,0,-0.558,6.678,40.737,14.54,"S","J"],[1339.903,24.469,-1104.28,-0.502,0,0.865,0,1,0,-0.865,0,-0.502,6.614,38.285,14.569,"S","J"],[1340.013,25.073,-1104.037,-0.53,0,0.848,0,1,0,-0.848,0,-0.53,6.611,35.015,14.571,"S","J"],[1340.123,25.623,-1103.794,-0.53,0,0.848,0,1,0,-0.848,0,-0.53,6.61,31.745,14.571,"S","J"],[1340.234,26.118,-1103.552,-0.53,0,0.848,0,1,0,-0.848,0,-0.53,6.61,28.475,14.571,"S","J"],[1340.344,26.558,-1103.309,-0.53,0,0.848,0,1,0,-0.848,0,-0.53,6.61,25.205,14.571,"S","J"],[1340.454,26.944,-1103.066,-0.53,0,0.848,0,1,0,-0.848,0,-0.53,6.61,21.935,14.571,"S","J"],[1340.565,27.276,-1102.824,-0.53,0,0.848,0,1,0,-0.848,0,-0.53,6.61,18.665,14.571,"S",0],[1340.675,27.553,-1102.581,-0.538,0,0.843,0,1,0,-0.843,0,-0.538,6.61,15.395,14.571,"S","J"],[1340.787,27.775,-1102.339,-0.553,0,0.833,0,1,0,-0.833,0,-0.553,6.74,12.125,14.511,"S","J"],[1340.903,27.943,-1102.099,-0.561,0,0.828,0,1,0,-0.828,0,-0.561,6.999,8.855,14.388,"S","J"],[1341.022,28.057,-1101.86,-0.561,0,0.828,0,1,0,-0.828,0,-0.561,7.132,5.585,14.322,"S","J"],[1341.141,28.116,-1101.621,-0.561,0,0.828,0,1,0,-0.828,0,-0.561,7.135,2.315,14.321,"S","J"],[1341.26,28.121,-1101.382,-0.561,0,0.828,0,1,0,-0.828,0,-0.561,7.135,-0.955,14.321,"S","J"],[1341.379,28.071,-1101.144,-0.561,0,0.828,0,1,0,-0.828,0,-0.561,7.135,-4.225,14.321,"S","J"],[1341.499,27.966,-1100.905,-0.565,0,0.825,0,1,0,-0.825,0,-0.565,7.135,-7.495,14.321,"S","J"],[1341.618,27.807,-1100.667,-0.561,0,0.828,0,1,0,-0.828,0,-0.561,7.199,-10.765,14.289,"S","J"],[1341.738,27.594,-1100.428,-0.542,0,0.84,0,1,0,-0.84,0,-0.542,7.136,-14.035,14.32,"S","J"],[1341.88,27.25,-1100.127,-0.539,0,0.842,0,1,0,-0.842,0,-0.539,6.811,-18.123,14.478,"S","J"],["s","v","S","J"],[1341.971,26.914,-1099.877,-0.348,0,0.938,0,1,0,-0.938,0,-0.348,4.66,-21.393,15.283,"S","J"],[1342.033,26.523,-1099.618,-0.287,0,0.958,0,1,0,-0.958,0,-0.287,3.559,-24.663,15.597,"S","J"],[1342.11,26.078,-1099.361,-0.184,0.001,0.983,0,1,-0.001,-0.983,0,-0.184,1.42,-27.932,15.573,"S","J"],[1342.17,25.579,-1099.09,0.051,0.001,0.999,0,1,-0.001,-0.999,0,0.051,0.79,-31.202,15.97,7,"J"],[1342.195,25.094,-1098.811,0.255,0,0.967,0,1,0,-0.967,0,0.255,-1.265,-17.902,15.946,"S","J"],[1342.132,25.079,-1098.481,0.436,0,0.9,0,1,0,-0.9,0,0.436,-3.936,2.671,15.507,8,"J"],[1342.054,25.114,-1098.297,0.548,0,0.837,0,1,0,-0.837,0,0.548,-6.612,2.685,14.555,"S","J"],[1341.879,25.155,-1098.014,0.614,0,0.789,0,1,0,-0.789,0,0.614,-8.652,1.495,13.457,"S","J"],[1341.759,25.235,-1097.854,0.623,0,0.782,0,1,0,-0.782,0,0.623,-9.733,7.261,12.696,"S","J"],[1341.552,25.387,-1097.688,0.82,0,0.572,0,1,0,-0.572,0,0.82,-12.888,8.721,9.456,"S","J"],[1341.336,25.545,-1097.533,0.816,0,0.578,0,1,0,-0.578,0,0.816,-13.003,8.673,9.322,"S","J"],[1341.119,25.7,-1097.377,0.811,0,0.586,0,1,0,-0.586,0,0.811,-13.006,8.513,9.319,"S","J"],[1340.903,25.807,-1097.221,0.808,0,0.59,0,1,0,-0.59,0,0.808,-12.964,5.235,9.377,"S","J"],[1340.687,25.869,-1097.064,0.805,0,0.593,0,1,0,-0.593,0,0.805,-12.922,2.945,9.436,"S","J"],[1340.497,25.903,-1096.878,0.692,0,0.722,0,1,0,-0.722,0,0.692,-11.197,1.619,11.423,"S","J"],[1340.311,25.922,-1096.687,0.695,0,0.719,0,1,0,-0.719,0,0.695,-11.163,0.884,11.463,"S","J"],[1340.125,25.934,-1096.496,0.697,0,0.717,0,1,0,-0.717,0,0.697,-11.157,0.677,11.458,"S","J"],["s","v","S","J"],[1339.933,25.946,-1096.311,0.715,0,0.7,0,1,0,-0.7,0,0.715,-11.542,0.764,11.042,"S","J"],[1339.743,25.962,-1096.126,0.71,0,0.704,0,1,0,-0.704,0,0.71,-11.42,1.066,11.103,"S","J"],[1339.554,25.984,-1095.94,0.707,0,0.707,0,1,0,-0.707,0,0.707,-11.279,1.455,11.166,"S","J"],[1339.368,26.013,-1095.754,0.707,0,0.707,0,1,0,-0.707,0,0.707,-11.177,1.881,11.168,"S","J"],[1339.182,26.048,-1095.568,0.704,0,0.71,0,1,0,-0.71,0,0.704,-11.175,2.162,11.169,"S","J"],[1338.996,26.086,-1095.381,0.704,0,0.71,0,1,0,-0.71,0,0.704,-11.126,2.32,11.219,"S","J"],[1338.81,26.125,-1095.194,0.704,0,0.71,0,1,0,-0.71,0,0.704,-11.125,2.407,11.22,"S","J"],[1338.625,26.166,-1095.007,0.704,0,0.71,0,1,0,-0.71,0,0.704,-11.125,2.455,11.22,"S","J"],[1338.439,26.208,-1094.82,0.704,0,0.71,0,1,0,-0.71,0,0.704,-11.125,2.48,11.22,"S","J"],[1338.254,26.249,-1094.633,0.704,0,0.71,0,1,0,-0.71,0,0.704,-11.125,2.494,11.22,"S","J"],[1338.068,26.291,-1094.446,0.704,0,0.71,0,1,0,-0.71,0,0.704,-11.125,2.502,11.22,"S","J"],[1337.883,26.333,-1094.259,0.704,0,0.71,0,1,0,-0.71,0,0.704,-11.125,2.506,11.22,"S","J"],[1337.697,26.375,-1094.072,0.704,0,0.71,0,1,0,-0.71,0,0.704,-11.125,2.508,11.22,"S","J"],[1337.512,26.417,-1093.885,0.704,0,0.71,0,1,0,-0.71,0,0.704,-11.125,2.51,11.22,"S",1],[1337.326,27.29,-1093.698,0.704,0,0.71,0,1,0,-0.71,0,0.704,-11.125,51.365,11.22,3,"J"],[1337.139,28.112,-1093.509,0.636,0,0.772,0,1,0,-0.772,0,0.636,-11.263,48.095,11.359,5,"J"],[1336.951,28.879,-1093.319,0.607,0,0.794,0,1,0,-0.794,0,0.607,-11.266,44.825,11.362,"S","J"],[1336.763,29.592,-1093.13,0.604,0,0.797,0,1,0,-0.797,0,0.604,-11.266,41.555,11.362,"S","J"],[1336.575,30.251,-1092.941,0.604,0,0.797,0,1,0,-0.797,0,0.604,-11.266,38.285,11.362,"S","J"],[1336.387,30.855,-1092.751,0.604,0,0.797,0,1,0,-0.797,0,0.604,-11.266,35.015,11.362,"S","J"],[1336.199,31.404,-1092.562,0.604,0,0.797,0,1,0,-0.797,0,0.604,-11.266,31.745,11.362,"S","J"],[1336.011,31.899,-1092.372,0.604,0,0.797,0,1,0,-0.797,0,0.604,-11.266,28.475,11.362,"S","J"],[1335.823,32.34,-1092.183,0.603,0,0.797,0,1,0,-0.797,0,0.603,-11.266,25.205,11.362,"S",0],[1335.635,32.726,-1091.993,0.604,0,0.797,0,1,0,-0.797,0,0.604,-11.266,21.935,11.362,"S","J"],[1335.447,33.057,-1091.804,0.603,0,0.797,0,1,0,-0.797,0,0.603,-11.266,18.665,11.362,"S","J"],[1335.259,33.335,-1091.614,0.604,0,0.797,0,1,0,-0.797,0,0.604,-11.266,15.395,11.362,"S","J"],[1335.071,33.557,-1091.425,0.603,0,0.797,0,1,0,-0.797,0,0.603,-11.266,12.125,11.362,"S","J"],[1334.883,33.725,-1091.235,0.604,0,0.797,0,1,0,-0.797,0,0.604,-11.266,8.855,11.362,"S","J"],[1334.695,33.839,-1091.046,0.607,0,0.795,0,1,0,-0.795,0,0.607,-11.266,5.585,11.362,"S","J"],[1334.506,33.898,-1090.857,0.607,0,0.795,0,1,0,-0.795,0,0.607,-11.316,2.315,11.311,"S","J"],[1334.318,33.902,-1090.669,0.611,0,0.792,0,1,0,-0.792,0,0.611,-11.317,-0.955,11.31,"S","J"],[1334.129,33.852,-1090.481,0.618,0,0.786,0,1,0,-0.786,0,0.618,-11.367,-4.225,11.26,"S","J"],[1333.938,33.748,-1090.295,0.625,0,0.781,0,1,0,-0.781,0,0.625,-11.468,-7.495,11.157,"S","J"],[1333.745,33.589,-1090.111,0.629,0,0.778,0,1,0,-0.778,0,0.629,-11.569,-10.765,11.053,"S","J"],[1333.552,33.375,-1089.927,0.629,0,0.778,0,1,0,-0.778,0,0.629,-11.62,-14.035,10.999,"S","J"],[1333.358,33.107,-1089.744,0.632,0,0.775,0,1,0,-0.775,0,0.632,-11.621,-17.305,10.998,"S","J"],[1333.163,32.785,-1089.561,0.632,0,0.775,0,1,0,-0.775,0,0.632,-11.67,-20.575,10.946,"S","J"],[1332.969,32.408,-1089.379,0.632,0,0.775,0,1,0,-0.775,0,0.632,-11.671,-23.845,10.945,"S","J"],[1332.775,31.976,-1089.196,0.636,0,0.772,0,1,0,-0.772,0,0.636,-11.671,-27.115,10.945,"S","J"],[1332.58,31.49,-1089.015,0.636,0,0.772,0,1,0,-0.772,0,0.636,-11.719,-30.385,10.893,"S","J"],[1332.384,30.95,-1088.833,0.636,0,0.772,0,1,0,-0.772,0,0.636,-11.72,-33.655,10.892,"S","J"],[1332.189,30.355,-1088.651,0.636,0,0.772,0,1,0,-0.772,0,0.636,-11.72,-36.925,10.892,"S","J"],[1331.994,29.705,-1088.47,0.636,0,0.772,0,1,0,-0.772,0,0.636,-11.72,-40.195,10.892,"S","J"],[1331.798,29.001,-1088.288,0.636,0,0.772,0,1,0,-0.772,0,0.636,-11.72,-43.465,10.892,"S","J"],[1331.605,28.895,-1088.108,0.708,0,0.706,0,1,0,-0.706,0,0.708,-11.569,-0.86,10.752,7,"J"],[1331.412,28.893,-1087.929,0.731,0,0.682,0,1,0,-0.682,0,0.731,-11.566,-0.017,10.749,"S","J"],[1331.219,28.792,-1087.75,0.732,0,0.681,0,1,0,-0.681,0,0.732,-11.566,-7.702,10.749,8,"J"],[1331.026,28.63,-1087.571,0.732,0,0.681,0,1,0,-0.681,0,0.732,-11.566,-10.972,10.749,"S","J"],[1330.834,28.413,-1087.392,0.732,0,0.681,0,1,0,-0.681,0,0.732,-11.566,-14.242,10.749,"S","J"],[1330.641,28.141,-1087.212,0.733,0,0.681,0,1,0,-0.681,0,0.733,-11.566,-17.512,10.749,"S","J"],[1330.448,27.998,-1087.033,0.732,0,0.681,0,1,0,-0.681,0,0.732,-11.566,-1.538,10.749,"S","J"],[1330.255,28.026,-1086.854,0.733,0,0.681,0,1,0,-0.681,0,0.733,-11.566,2.649,10.749,"S","J"],[1330.062,28.076,-1086.675,0.736,0,0.677,0,1,0,-0.677,0,0.736,-11.566,2.981,10.749,"S","J"],[1329.869,28.124,-1086.496,0.739,0,0.674,0,1,0,-0.674,0,0.739,-11.613,2.856,10.697,"S","J"],[1329.675,28.171,-1086.319,0.742,0,0.671,0,1,0,-0.671,0,0.742,-11.661,2.741,10.643,"S","J"],[1329.479,28.216,-1086.142,0.748,0,0.664,0,1,0,-0.664,0,0.748,-11.708,2.674,10.59,"S","J"],[1329.283,28.26,-1085.967,0.754,0,0.657,0,1,0,-0.657,0,0.754,-11.801,2.641,10.482,"S","J"],[1329.085,28.304,-1085.794,0.757,0,0.654,0,1,0,-0.654,0,0.757,-11.894,2.629,10.373,"S","J"],[1328.886,28.348,-1085.622,0.757,0,0.654,0,1,0,-0.654,0,0.757,-11.941,2.627,10.318,"S","J"],[1328.687,28.392,-1085.45,0.76,0,0.65,0,1,0,-0.65,0,0.76,-11.942,2.629,10.316,"S","J"],[1328.487,28.436,-1085.279,0.76,0,0.65,0,1,0,-0.65,0,0.76,-11.987,2.631,10.263,"S","J"],[1328.287,28.48,-1085.108,0.76,0,0.65,0,1,0,-0.65,0,0.76,-11.988,2.633,10.261,"S","J"],[1328.088,28.524,-1084.937,0.76,0,0.65,0,1,0,-0.65,0,0.76,-11.988,2.635,10.261,"S","J"],[1327.888,28.568,-1084.767,0.76,0,0.65,0,1,0,-0.65,0,0.76,-11.988,2.635,10.261,"S","J"],[1327.688,28.612,-1084.596,0.763,0,0.647,0,1,0,-0.647,0,0.763,-11.988,2.636,10.261,"S","J"],[1327.488,28.656,-1084.426,0.763,0,0.647,0,1,0,-0.647,0,0.763,-12.032,2.637,10.207,"S","J"],[1327.287,28.7,-1084.256,0.763,0,0.647,0,1,0,-0.647,0,0.763,-12.033,2.64,10.206,"S","J"],[1327.086,28.744,-1084.086,0.763,0,0.647,0,1,0,-0.647,0,0.763,-12.033,2.642,10.206,"S","J"],[1326.885,28.789,-1083.916,0.766,0,0.643,0,1,0,-0.643,0,0.766,-12.033,2.644,10.206,"S","J"],[1326.684,28.833,-1083.746,0.766,0,0.643,0,1,0,-0.643,0,0.766,-12.078,2.645,10.152,"S","J"],[1326.483,28.877,-1083.577,0.766,0,0.643,0,1,0,-0.643,0,0.766,-12.079,2.647,10.151,"S","J"],[1326.282,28.921,-1083.408,0.766,0,0.643,0,1,0,-0.643,0,0.766,-12.079,2.647,10.151,"S","J"],[1326.081,28.965,-1083.24,0.766,0,0.643,0,1,0,-0.643,0,0.766,-12.079,2.648,10.151,"S","J"],[1325.88,29.01,-1083.071,0.766,0,0.643,0,1,0,-0.643,0,0.766,-12.079,2.648,10.151,"S","J"],[1325.678,29.054,-1082.902,0.766,0,0.643,0,1,0,-0.643,0,0.766,-12.079,2.648,10.151,"S","J"],[1325.477,29.098,-1082.733,0.766,0,0.643,0,1,0,-0.643,0,0.766,-12.079,2.648,10.151,"S","J"],[1325.276,29.143,-1082.564,0.768,0,0.64,0,1,0,-0.64,0,0.768,-12.079,2.648,10.151,"S","J"],[1325.074,29.187,-1082.395,0.771,0,0.636,0,1,0,-0.636,0,0.771,-12.123,2.65,10.096,"S","J"],[1324.872,29.232,-1082.228,0.771,0,0.636,0,1,0,-0.636,0,0.771,-12.144,2.721,10.021,"S","J"],[1324.669,29.278,-1082.061,0.771,0,0.636,0,1,0,-0.636,0,0.771,-12.145,2.774,10.02,"S","J"],[1324.466,29.325,-1081.894,0.771,0,0.636,0,1,0,-0.636,0,0.771,-12.145,2.806,10.02,"S","J"],[1324.264,29.372,-1081.727,0.771,0,0.636,0,1,0,-0.636,0,0.771,-12.145,2.823,10.02,"S","J"],[1324.061,29.419,-1081.56,0.771,0,0.636,0,1,0,-0.636,0,0.771,-12.145,2.833,10.02,"S","J"],[1323.859,29.466,-1081.393,0.771,0,0.636,0,1,0,-0.636,0,0.771,-12.145,2.838,10.02,"S","J"],[1323.656,29.514,-1081.226,0.771,0,0.636,0,1,0,-0.636,0,0.771,-12.145,2.841,10.02,"S","J"],[1323.454,29.562,-1081.06,0.771,0,0.636,0,1,0,-0.636,0,0.771,-12.12,2.909,9.999,"S","J"],[1323.252,29.611,-1080.893,0.771,0,0.636,0,1,0,-0.636,0,0.771,-12.12,2.949,9.999,"S","J"],[1323.049,29.661,-1080.727,0.771,0,0.636,0,1,0,-0.636,0,0.771,-12.12,2.979,9.999,"S","J"],[1322.847,29.711,-1080.56,0.771,0,0.636,0,1,0,-0.636,0,0.771,-12.12,2.997,9.999,"S","J"],[1322.645,29.761,-1080.394,0.771,0,0.636,0,1,0,-0.636,0,0.771,-12.12,3.007,9.999,"S","J"],[1322.443,29.811,-1080.227,0.771,0,0.636,0,1,0,-0.636,0,0.771,-12.12,3.013,9.999,"S","J"],[1322.241,29.862,-1080.061,0.771,0,0.636,0,1,0,-0.636,0,0.771,-12.12,3.016,9.999,"S","J"],[1322.039,29.913,-1079.894,0.771,0,0.636,0,1,0,-0.636,0,0.771,-12.093,3.077,9.977,"S","J"],[1321.838,29.965,-1079.728,0.771,0,0.636,0,1,0,-0.636,0,0.771,-12.093,3.128,9.977,"S","J"],[1321.636,30.018,-1079.561,0.771,0,0.636,0,1,0,-0.636,0,0.771,-12.093,3.159,9.977,"S","J"],[1321.434,30.071,-1079.395,0.771,0,0.636,0,1,0,-0.636,0,0.771,-12.093,3.176,9.977,"S","J"],[1321.182,30.137,-1079.186,0.771,0,0.636,0,1,0,-0.636,0,0.771,-12.093,3.173,9.977,"S","J"],[1321.031,30.177,-1079.062,0.771,0,0.636,0,1,0,-0.636,0,0.771,-12.093,3.203,9.977,"S","J"],[1320.829,30.231,-1078.895,0.771,0,0.636,0,1,0,-0.636,0,0.771,-12.093,3.195,9.977,"S","J"],[1320.578,30.298,-1078.687,0.771,0,0.636,0,1,0,-0.636,0,0.771,-12.064,3.249,9.953,"S","J"],[1320.377,30.353,-1078.521,0.771,0,0.636,0,1,0,-0.636,0,0.771,-12.064,3.313,9.953,"S","J"],[1320.226,30.395,-1078.397,0.771,0