[[-197.243,13.239,-1133.987,-1,0,0.025,0,1,0,-0.025,0,-1,0,0,0,8,0],["s","v","S","J"],[-197.218,13.239,-1133.883,-0.18,0,0.984,0,1,0,-0.984,0,-0.18,2.415,0,10.013,"S","J"],[-197.159,13.239,-1133.644,-0.22,0,0.975,0,1,0,-0.975,0,-0.22,3.781,0,15.377,"S","J"],[-197.094,13.239,-1133.385,-0.245,0,0.97,0,1,0,-0.97,0,-0.245,3.89,0,15.517,"S","J"],[-197.028,13.239,-1133.127,-0.252,0,0.968,0,1,0,-0.968,0,-0.252,3.961,0,15.502,"S","J"],[-196.961,13.239,-1132.869,-0.252,0,0.968,0,1,0,-0.968,0,-0.252,4.031,0,15.484,"S","J"],["s","v","S",1],[-196.894,14.113,-1132.61,-0.3,0,0.954,0,1,0,-0.954,0,-0.3,4.031,51.365,15.484,3,"J"],[-196.816,14.935,-1132.355,-0.386,0,0.922,0,1,0,-0.922,0,-0.386,4.785,48.095,15.267,5,"J"],[-196.736,15.702,-1132.101,-0.42,0,0.908,0,1,0,-0.908,0,-0.42,4.8,44.825,15.263,"S","J"],[-196.656,16.415,-1131.847,-0.424,0,0.906,0,1,0,-0.906,0,-0.424,4.8,41.555,15.263,"S","J"],[-196.576,17.074,-1131.592,-0.424,0,0.906,0,1,0,-0.906,0,-0.424,4.8,38.285,15.263,"S","J"],[-196.496,17.678,-1131.338,-0.42,0,0.908,0,1,0,-0.908,0,-0.42,4.8,35.015,15.263,"S","J"],[-196.417,18.227,-1131.083,-0.416,0,0.909,0,1,0,-0.909,0,-0.416,4.732,31.745,15.284,"S","J"],[-196.339,18.722,-1130.828,-0.408,0,0.913,0,1,0,-0.913,0,-0.408,4.663,28.475,15.305,"S","J"],[-196.263,19.163,-1130.573,-0.399,0,0.917,0,1,0,-0.917,0,-0.399,4.525,25.205,15.347,"S","J"],[-196.19,19.549,-1130.316,-0.387,0,0.922,0,1,0,-0.922,0,-0.387,4.386,21.935,15.387,"S","J"],[-196.096,19.88,-1130.073,0.756,0,0.654,0,1,0,-0.654,0,0.756,6.404,18.665,14.126,"S","J"],[-195.968,20.157,-1129.849,0.828,0,0.56,0,1,0,-0.56,0,0.828,8.489,15.395,12.97,"S","J"],[-195.805,20.38,-1129.643,0.862,0,0.507,0,1,0,-0.507,0,0.862,10.372,12.125,12.108,"S","J"],[-195.639,20.548,-1129.434,0.887,0,0.463,0,1,0,-0.463,0,0.887,9.864,8.855,12.583,"S","J"],[-195.484,20.661,-1129.218,0.909,0,0.418,0,1,0,-0.418,0,0.909,9.227,5.585,13.059,"S","J"],[-195.34,20.72,-1128.993,0.937,0,0.351,0,1,0,-0.351,0,0.937,8.564,2.315,13.503,"S","J"],[-195.211,20.725,-1128.76,0.954,0,0.299,0,1,0,-0.299,0,0.954,7.574,-0.955,14.081,"S","J"],[-195.096,20.675,-1128.52,0.97,0,0.242,0,1,0,-0.242,0,0.97,6.786,-4.225,14.479,"S","J"],[-194.995,20.57,-1128.273,0.982,0,0.189,0,1,0,-0.189,0,0.982,5.921,-7.495,14.853,"S","J"],[-194.909,20.411,-1128.021,0.991,0,0.131,0,1,0,-0.131,0,0.991,5.103,-10.765,15.154,"S","J"],[-194.837,20.198,-1127.765,0.995,0,0.095,0,1,0,-0.095,0,0.995,4.201,-14.035,15.428,"S","J"],[-194.775,19.93,-1127.505,0.998,0,0.063,0,1,0,-0.063,0,0.998,3.631,-17.305,15.572,"S","J"],[-194.722,19.608,-1127.244,0.999,0,0.05,0,1,0,-0.05,0,0.999,3.133,-20.575,15.68,"S","J"],[-194.673,19.231,-1126.982,0.999,0,0.05,0,1,0,-0.05,0,0.999,2.913,-23.845,15.722,"S","J"],[-194.624,18.799,-1126.72,0.999,0,0.045,0,1,0,-0.045,0,0.999,2.91,-27.115,15.723,"S","J"],[-194.577,18.313,-1126.458,0.999,0,0.041,0,1,0,-0.041,0,0.999,2.84,-30.385,15.736,"S","J"],["s","v","S",0],[-194.531,17.773,-1126.221,1,0,-0.016,0,1,0,0.016,0,1,2.642,-33.655,13.361,"S","J"],[-194.489,17.178,-1126.023,1,0,-0.025,0,1,0,0.025,0,1,2.45,-36.925,10.985,"S","J"],[-194.45,16.528,-1125.865,0.999,0,-0.034,0,1,0,0.034,0,0.999,2.271,-40.195,8.609,"S","J"],[-194.414,15.824,-1125.746,0.999,0,-0.039,0,1,0,0.039,0,0.999,2.105,-43.465,6.231,"S","J"],[-194.387,15.066,-1125.665,0.999,0,-0.044,0,1,0,0.044,0,0.999,1.342,-46.735,3.973,"S","J"],[-194.373,14.253,-1125.623,0.999,0,-0.044,0,1,0,0.044,0,0.999,0.579,-50.005,1.715,"S","J"],[-194.37,13.385,-1125.614,0.999,0,-0.044,0,1,0,0.044,0,0.999,0.028,-53.275,0.082,"S","J"],[-194.368,12.699,-1125.628,0.998,0,-0.062,0,1,0,0.062,0,0.998,0.135,-55.728,-1.702,"S","J"],[-194.363,11.487,-1125.701,0.998,0,-0.062,0,1,0,0.062,0,0.998,0.314,-59.815,-4.676,"S","J"],[-194.357,10.456,-1125.803,0.998,0,-0.062,0,1,0,0.062,0,0.998,0.457,-63.085,-7.055,"S","J"],["s","v",12,1],[-194.386,10.655,-1124.884,0.999,0,-0.042,0,1,0,0.042,0,0.999,-2.358,15.088,73.523,3,"J"],[-194.391,10.872,-1123.679,0.983,0,-0.183,0,1,0,0.183,0,0.983,0.407,11.818,71.65,5,"J"],[-194.375,11.035,-1122.505,0.951,0,-0.308,0,1,0,0.308,0,0.951,1.166,8.548,69.721,"S","J"],[-194.343,11.162,-1121.084,0.88,0,-0.476,0,1,0,0.476,0,0.88,1.761,4.461,67.256,"S","J"],[-194.309,11.202,-1119.985,0.813,0,-0.583,0,1,0,0.583,0,0.813,2.17,1.191,65.253,"S","J"],[-194.268,11.188,-1118.919,0.72,0,-0.694,0,1,0,0.694,0,0.72,2.519,-2.079,63.215,"S","J"],[-194.223,11.119,-1117.888,0.583,0,-0.813,0,1,0,0.813,0,0.583,2.788,-5.349,61.121,"S","J"],[-194.174,10.996,-1116.892,0.443,0,-0.897,0,1,0,0.897,0,0.443,2.955,-8.619,58.964,"S","J"],[-194.124,10.818,-1115.932,0.334,0,-0.943,0,1,0,0.943,0,0.334,3.015,-11.889,56.754,"S","J"],[-194.073,10.586,-1115.01,0.291,0,-0.957,0,1,0,0.957,0,0.291,2.996,-15.159,54.517,"S","J"],[-194.021,10.299,-1114.126,0.225,0,-0.974,0,1,0,0.974,0,0.225,3.156,-18.429,52.14,"S","J"],[-193.981,10.049,-1113.489,0.258,0,-0.966,0,1,0,0.966,0,0.258,3.275,-20.882,50.357,"S","J"],[-193.925,9.667,-1112.674,0.23,0,-0.973,0,1,0,0.973,0,0.23,3.435,-24.152,47.98,"S","J"],[-193.85,9.112,-1111.712,0.211,0,-0.978,0,1,0,0.978,0,0.211,3.641,-28.239,45.009,"S","J"],[-193.788,8.608,-1110.986,0.269,0,-0.963,0,1,0,0.963,0,0.269,3.821,-31.509,42.634,"S","J"],[-193.722,8.048,-1110.301,0.291,0,-0.957,0,1,0,0.957,0,0.291,4.034,-34.779,40.261,"S","J"],[-193.649,7.963,-1109.737,0.414,0,-0.91,0,1,0,0.91,0,0.414,4.591,-0.688,29.98,7,"J"],[-193.564,7.961,-1109.344,0.455,0,-0.891,0,1,0,0.891,0,0.455,5.417,-0.014,19.713,"S","J"],[-193.461,7.961,-1109.103,0.464,0,-0.886,0,1,0,0.886,0,0.464,6.375,0,12.803,8,"J"],[-193.355,9.011,-1108.889,0.468,0,-0.883,0,1,0,0.883,0,0.468,6.375,61.965,12.803,3,"J"],[-193.235,10.01,-1108.66,0.39,0,-0.921,0,1,0,0.921,0,0.39,7.454,58.695,14.073,5,"J"],["s","v","S","J"],[-193.132,10.723,-1108.495,-0.948,0,0.319,0,1,0,-0.319,0,-0.948,8.628,56.242,12.715,"S","J"],[-192.928,11.844,-1108.259,-0.972,0,0.236,0,1,0,-0.236,0,-0.972,10.604,52.155,10.484,"S","J"],[-192.734,12.679,-1108.102,-0.956,0,0.292,0,1,0,-0.292,0,-0.956,12.243,48.885,8.754,"S","J"],[-192.57,13.27,-1108.002,-0.929,0,0.369,0,1,0,-0.369,0,-0.929,13.563,46.432,7.549,"S","J"],[-192.335,14.009,-1107.879,-0.928,0,0.372,0,1,0,-0.372,0,-0.928,14.194,43.162,7.363,"S","J"],[-192.044,14.857,-1107.717,-0.937,0,0.35,0,1,0,-0.35,0,-0.937,13.932,39.075,7.866,"S","J"],[-191.871,15.325,-1107.617,-0.91,0,0.415,0,1,0,-0.415,0,-0.91,13.862,36.622,7.989,"S","J"],[-191.64,15.902,-1107.483,-0.921,0,0.389,0,1,0,-0.389,0,-0.921,13.823,33.352,8.057,"S","J"],[-191.353,16.546,-1107.314,-0.929,0,0.371,0,1,0,-0.371,0,-0.929,13.785,29.265,8.121,"S","J"],[-191.125,16.999,-1107.176,-0.908,0,0.418,0,1,0,-0.418,0,-0.908,13.675,25.995,8.304,"S","J"],[-190.955,17.304,-1107.07,-0.886,0,0.464,0,1,0,-0.464,0,-0.886,13.528,23.542,8.542,"S","J"],[-190.677,17.743,-1106.888,-0.909,0,0.417,0,1,0,-0.417,0,-0.909,13.364,19.455,8.797,"S","J"],[-190.511,17.966,-1106.776,-0.871,0,0.492,0,1,0,-0.492,0,-0.871,13.249,17.002,8.97,"S","J"],[-190.238,18.269,-1106.584,-0.893,0,0.449,0,1,0,-0.449,0,-0.893,13.077,12.915,9.217,"S","J"],[-190.022,18.45,-1106.427,-0.869,0,0.495,0,1,0,-0.495,0,-0.869,12.911,9.645,9.45,"S","J"],[-189.81,18.577,-1106.266,-0.858,0,0.514,0,1,0,-0.514,0,-0.858,12.737,6.375,9.683,"S","J"],[-189.601,18.649,-1106.101,-0.848,0,0.53,0,1,0,-0.53,0,-0.848,12.515,3.105,9.968,"S","J"],[-189.395,18.667,-1105.931,-0.833,0,0.553,0,1,0,-0.553,0,-0.833,12.331,-0.165,10.195,"S","J"],[-189.244,18.644,-1105.8,-0.798,0,0.602,0,1,0,-0.602,0,-0.798,12.06,-2.618,10.513,"S","J"],[-188.998,18.539,-1105.575,-0.827,0,0.563,0,1,0,-0.563,0,-0.827,11.756,-6.705,10.852,"S","J"],[-188.853,18.434,-1105.437,-0.77,0,0.638,0,1,0,-0.638,0,-0.77,11.565,-9.158,11.055,"S","J"],[-188.665,18.248,-1105.249,-0.774,0,0.633,0,1,0,-0.633,0,-0.774,11.255,-12.428,11.371,"S","J"],[-188.482,18.006,-1105.055,-0.763,0,0.647,0,1,0,-0.647,0,-0.763,10.941,-15.698,11.673,"S","J"],[-188.302,17.711,-1104.857,-0.754,0,0.657,0,1,0,-0.657,0,-0.754,10.726,-18.968,11.872,"S","J"],[-188.126,17.361,-1104.657,-0.751,0,0.661,0,1,0,-0.661,0,-0.751,10.562,-22.238,12.017,"S","J"],[-187.951,16.956,-1104.457,-0.745,0,0.667,0,1,0,-0.667,0,-0.745,10.505,-25.508,12.067,"S",0],[-187.792,16.497,-1104.243,-0.678,0,0.735,0,1,0,-0.735,0,-0.678,9.247,-28.778,13.051,"S","J"],[-187.638,15.983,-1104.025,-0.674,0,0.738,0,1,0,-0.738,0,-0.674,9.196,-32.048,13.091,"S","J"],[-187.448,15.264,-1103.751,-0.699,0,0.715,0,1,0,-0.715,0,-0.699,9.136,-36.135,13.133,"S","J"],[-187.296,14.628,-1103.532,-0.671,0,0.741,0,1,0,-0.741,0,-0.671,9.135,-39.405,13.134,"S","J"],[-187.182,14.115,-1103.368,-0.646,0,0.763,0,1,0,-0.763,0,-0.646,9.079,-41.858,13.173,"S","J"],[-186.993,13.192,-1103.093,-0.695,0,0.719,0,1,0,-0.719,0,-0.695,9.076,-45.945,13.175,"S","J"],[-186.856,13.079,-1102.893,-0.594,0,0.804,0,1,0,-0.804,0,-0.594,8.118,-0.909,11.808,7,"J"],[-186.754,13.077,-1102.746,-0.568,0,0.823,0,1,0,-0.823,0,-0.568,8.102,-0.048,11.78,"S","J"],[-186.586,13.077,-1102.501,-0.567,0,0.824,0,1,0,-0.824,0,-0.567,8.101,0,11.779,8,"J"],[-186.451,13.077,-1102.304,-0.567,0,0.824,0,1,0,-0.824,0,-0.567,8.101,0,11.779,"S","J"],[-186.379,13.077,-1102.071,-0.198,0.001,0.98,0,1,-0.001,-0.98,0,-0.198,3.556,0,14.42,"S",1],[-186.319,13.96,-1101.831,-0.189,0.005,0.982,-0.001,1,-0.005,-0.982,-0.002,-0.189,3.557,53,14.421,3,"J"],[-186.26,14.844,-1101.591,-0.189,0.008,0.982,-0.002,1,-0.009,-0.982,-0.004,-0.189,3.557,53,14.422,"S","J"],[-186.201,15.727,-1101.35,-0.189,0.012,0.982,-0.003,1,-0.013,-0.982,-0.005,-0.189,3.557,53,14.423,"S","J"],[-186.159,16.369,-1101.158,-0.265,0.009,0.964,-0.001,1,-0.009,-0.964,-0.004,-0.265,3.271,50.549,15.609,5,"J"],[-186.055,17.166,-1100.919,-0.289,0.003,0.957,-0.003,1,-0.004,-0.957,-0.004,-0.289,8.509,45.863,13.352,"S","J"],[-185.936,17.896,-1100.686,-0.319,0.001,0.948,-0.002,1,-0.001,-0.948,-0.002,-0.319,6.365,42.593,14.371,"S","J"],[-185.853,18.572,-1100.438,-0.258,0,0.966,0,1,0,-0.966,-0.001,-0.258,4.143,39.323,15.158,"S","J"],[-185.806,19.193,-1100.178,-0.243,0,0.97,0,1,0,-0.97,0,-0.243,2.228,36.053,15.817,"S","J"],[-185.775,19.76,-1099.913,-0.217,0,0.976,0,1,0,-0.976,0,-0.217,1.809,32.783,15.896,"S",0],[-185.751,20.272,-1099.647,-0.19,0,0.982,0,1,0,-0.982,0,-0.19,1.376,29.513,15.939,"S","J"],[-185.738,20.621,-1099.448,-0.13,0,0.991,0,1,0,-0.991,0,-0.13,0.956,27.06,15.97,"S","J"],[-185.727,21.133,-1099.114,-0.187,0,0.982,0,1,0,-0.982,0,-0.187,0.5,22.973,15.991,"S","J"],[-185.741,21.482,-1098.857,-0.127,0,0.992,0,1,0,-0.992,0,-0.127,-1.726,19.703,15.137,"S","J"],[-185.793,21.777,-1098.613,-0.114,0,0.993,0,1,0,-0.993,0,-0.114,-3.946,16.433,14.27,12,1],["s","v","S","J"],[-185.852,21.817,-1098.401,0.016,0,1,0,1,0,-1,0,0.016,-3.299,0.327,11.825,"S",0],["s","v","S",1],[-185.293,22.422,-1098.047,0.255,0,0.967,0,1,0,-0.967,0,0.255,33.537,35.08,21.256,3,"J"],[-184.739,22.973,-1097.741,0.359,0,0.933,0,1,0,-0.933,0,0.359,33.046,31.809,17.182,5,"J"],[-184.2,23.469,-1097.476,0.416,0,0.909,0,1,0,-0.909,0,0.416,31.951,28.539,15.199,"S","J"],[-183.68,23.91,-1097.242,0.465,0,0.886,0,1,0,-0.886,0,0.465,30.801,25.269,13.453,"S","J"],[-183.057,24.386,-1096.989,0.556,0,0.831,0,1,0,-0.831,0,0.556,29.358,21.182,11.323,"S","J"],[-182.698,24.63,-1096.858,0.587,0,0.81,0,1,0,-0.81,0,0.587,28.502,18.729,10.046,"S","J"],[-182.122,24.969,-1096.676,0.71,0,0.704,0,1,0,-0.704,0,0.71,27.094,14.642,7.926,"S","J"],[-181.683,25.179,-1096.562,0.743,0,0.669,0,1,0,-0.669,0,0.743,25.987,11.372,6.222,"S","J"],[-181.365,25.301,-1096.495,0.786,0,0.618,0,1,0,-0.618,0,0.786,25.163,8.919,4.944,"S","J"],[-180.964,25.415,-1096.43,0.99,0,0.143,0,1,0,-0.143,0,0.99,23.377,5.649,3.368,"S","J"],[-180.683,25.465,-1096.398,0.971,0,0.238,0,1,0,-0.238,0,0.971,22.095,3.197,2.123,"S","J"],[-180.331,25.485,-1096.381,0.962,0,0.271,0,1,0,-0.271,0,0.962,20.465,-0.073,0.385,"S","J"],[-179.929,25.432,-1096.401,0.957,0,0.292,0,1,0,-0.292,0,0.957,18.528,-4.161,-1.878,"S","J"],[-179.707,25.36,-1096.436,0.923,0,0.384,0,1,0,-0.384,0,0.923,17.413,-6.613,-3.275,"S","J"],[-179.432,25.215,-1096.51,0.927,0,0.374,0,1,0,-0.374,0,0.927,15.96,-9.883,-5.163,"S","J"],[-179.181,25.016,-1096.616,0.92,0,0.391,0,1,0,-0.391,0,0.92,14.536,-13.153,-7.074,"S","J"],[-178.948,24.763,-1096.749,0.913,0,0.408,0,1,0,-0.408,0,0.913,13.781,-16.423,-8.14,"S","J"],["s","v","S",0],[-178.722,24.455,-1096.889,0.893,0,0.451,0,1,0,-0.451,0,0.893,13.573,-19.693,-8.474,"S","J"],[-178.439,23.994,-1097.066,0.922,0,0.386,0,1,0,-0.386,0,0.922,13.569,-23.781,-8.483,"S","J"],[-178.283,24.198,-1097.163,0.865,0,0.502,0,1,0,-0.502,0,0.865,12.315,26.24,-7.679,7,"J"],[-178.079,24.678,-1097.29,0.851,0,0.525,0,1,0,-0.525,0,0.851,12.245,27.093,-7.639,"S","J"],["s","v",8,"J"],[-177.872,25.096,-1097.393,0.923,0,-0.385,0,1,0,0.385,0,0.923,12.53,23.823,-5.272,"S",1],[-177.663,25.969,-1097.481,0.917,0,-0.399,0,1,0,0.399,0,0.917,12.53,51.365,-5.272,3,"J"],[-177.449,26.791,-1097.544,0.864,0,-0.504,0,1,0,0.504,0,0.864,12.988,48.095,-2.933,5,"J"],[-177.229,27.558,-1097.569,0.835,0,-0.551,0,1,0,0.551,0,0.835,13.366,44.825,-0.58,"S","J"],[-177.003,28.271,-1097.554,0.83,0,-0.558,0,1,0,0.558,0,0.83,13.68,41.555,1.782,"S","J"],[-176.772,28.93,-1097.499,0.83,0,-0.558,0,1,0,0.558,0,0.83,13.977,38.285,4.147,"S","J"],[-176.536,29.534,-1097.406,0.83,0,-0.558,0,1,0,0.558,0,0.83,14.274,35.015,6.512,"S","J"],[-176.297,30.083,-1097.289,0.83,0,-0.558,0,1,0,0.558,0,0.83,14.345,31.745,7.073,"S","J"],[-176.058,30.578,-1097.171,0.83,0,-0.558,0,1,0,0.558,0,0.83,14.346,28.475,7.084,"S","J"],[-175.819,31.019,-1097.053,0.835,0,-0.55,0,1,0,0.55,0,0.835,14.346,25.205,7.084,"S","J"],[-175.579,31.405,-1096.937,0.842,0,-0.539,0,1,0,0.539,0,0.842,14.409,21.935,6.957,"S","J"],[-175.277,31.811,-1096.795,0.837,0,-0.548,0,1,0,0.548,0,0.837,14.502,17.847,6.759,"S","J"],[-175.094,32.013,-1096.714,0.884,0,-0.467,0,1,0,0.467,0,0.884,14.645,15.395,6.444,"S","J"],["s","v","S",0],[-174.78,32.283,-1096.616,0.97,0,-0.242,0,1,0,0.242,0,0.97,15.378,11.307,3.556,"S","J"],["s","v","S","J"],[-174.52,32.437,-1096.581,0.998,0,-0.056,0,1,0,0.056,0,0.998,15.656,8.037,1.189,"S","J"],[-174.257,32.537,-1096.585,0.999,0,-0.052,0,1,0,0.052,0,0.999,15.924,4.767,-0.996,"S","J"],[-173.991,32.583,-1096.606,0.999,0,-0.038,0,1,0,0.038,0,0.999,15.948,1.497,-1.308,"S","J"],["s","v","S","J"],[-173.725,32.574,-1096.604,0.982,0,-0.187,0,1,0,0.187,0,0.982,15.933,-1.773,1.063,"S","J"],[-173.46,32.51,-1096.579,0.979,0,-0.205,0,1,0,0.205,0,0.979,15.93,-5.043,1.506,"S","J"],[-173.194,32.392,-1096.558,0.983,0,-0.182,0,1,0,0.182,0,0.983,15.954,-8.313,1.231,"S","J"],[-172.928,32.219,-1096.544,0.987,0,-0.16,0,1,0,0.16,0,0.987,15.981,-11.583,0.799,"S","J"],[-172.661,31.992,-1096.536,0.993,0,-0.115,0,1,0,0.115,0,0.993,15.996,-14.853,0.435,"S","J"],[-172.394,31.711,-1096.539,0.998,0,-0.056,0,1,0,0.056,0,0.998,15.998,-18.123,-0.284,"S","J"],[-172.153,31.375,-1096.543,0.995,0,0.099,0,1,0,-0.099,0,0.995,13.617,-21.393,-0.231,"S","J"],[-171.951,30.984,-1096.547,0.98,0,0.198,0,1,0,-0.198,0,0.98,11.235,-24.663,-0.19,"S","J"],[-171.788,30.539,-1096.549,0.968,0,0.25,0,1,0,-0.25,0,0.968,8.852,-27.933,-0.149,"S","J"],[-171.661,30.039,-1096.566,0.805,0,0.593,0,1,0,-0.593,0,0.805,6.89,-31.203,-1.502,"S","J"],[-171.566,29.485,-1096.605,0.813,0,0.582,0,1,0,-0.582,0,0.813,4.946,-34.473,-2.882,"S","J"],[-171.504,28.877,-1096.668,0.816,0,0.578,0,1,0,-0.578,0,0.816,3.009,-37.743,-4.27,"S","J"],[-171.474,28.213,-1096.754,0.816,0,0.578,0,1,0,-0.578,0,0.816,1.071,-41.013,-5.658,"S","J"],[-171.477,27.496,-1096.861,0.776,0,0.631,0,1,0,-0.631,0,0.776,-0.945,-44.283,-6.929,"S","J"],[-171.492,26.724,-1097.001,0.722,0,0.692,0,1,0,-0.692,0,0.722,-0.81,-47.553,-9.311,"S","J"],["s","v",12,1],[-170.677,26.983,-1096.452,0.719,0,0.695,0,1,0,-0.695,0,0.719,48.974,14.332,33.019,3,"J"],[-169.87,27.188,-1095.925,0.736,0,0.677,0,1,0,-0.677,0,0.736,48.04,11.062,30.984,5,"J"],[-169.083,27.338,-1095.426,0.742,0,0.67,0,1,0,-0.67,0,0.742,46.757,7.792,29.397,"S","J"],[-168.318,27.434,-1094.953,0.743,0,0.669,0,1,0,-0.669,0,0.743,45.433,4.522,27.862,"S","J"],[-167.575,27.475,-1094.505,0.746,0,0.666,0,1,0,-0.666,0,0.746,44.102,1.252,26.336,"S","J"],[-166.854,27.462,-1094.082,0.746,0,0.666,0,1,0,-0.666,0,0.746,42.767,-2.018,24.813,"S","J"],[-166.154,27.394,-1093.686,0.752,0,0.659,0,1,0,-0.659,0,0.752,41.546,-5.288,23.195,"S","J"],[-165.475,27.272,-1093.317,0.761,0,0.649,0,1,0,-0.649,0,0.761,40.321,-8.558,21.581,"S","J"],[-164.816,27.095,-1092.975,0.773,0,0.635,0,1,0,-0.635,0,0.773,39.092,-11.828,19.971,"S","J"],[-164.178,26.864,-1092.659,0.798,0,0.603,0,1,0,-0.603,0,0.798,37.853,-15.098,18.37,"S",0],[-163.571,26.579,-1092.362,0.632,0,-0.775,0,1,0,0.775,0,0.632,35.622,-18.368,17.537,"S","J"],[-163.001,26.238,-1092.076,0.54,0,-0.842,0,1,0,0.842,0,0.54,33.324,-21.638,16.905,"S","J"],[-162.639,26.345,-1091.758,0.428,0.029,-0.903,-0.004,1,0.031,0.904,-0.01,0.428,18.629,10.58,18.808,12,"J"],[-162.48,26.486,-1091.41,0.443,0.025,-0.896,-0.004,1,0.027,0.896,-0.008,0.443,10.256,7.021,18.913,8,"J"],["s","v",12,1],[-162.862,27.187,-1090.813,0.334,0.026,-0.942,-0.004,1,0.027,0.943,-0.005,0.334,-23.073,40.802,35.898,3,"J"],[-163.232,27.837,-1090.225,0.333,0.013,-0.943,-0.001,1,0.014,0.943,-0.004,0.333,-21.614,37.845,34.837,5,"J"],[-163.572,28.432,-1089.657,0.333,0.003,-0.943,0.001,1,0.003,0.943,-0.002,0.333,-19.783,34.423,33.714,"S","J"],[-163.882,28.971,-1089.107,0.333,0,-0.943,0.001,1,0,0.943,-0.001,0.333,-17.988,31.041,32.592,"S","J"],[-164.163,29.454,-1088.575,0.333,-0.001,-0.943,0,1,0,0.943,0,0.333,-16.254,27.733,31.482,"S","J"],[-164.416,29.882,-1088.062,0.333,0,-0.943,0,1,0,0.943,0,0.333,-14.542,24.459,30.385,"S","J"],[-164.639,30.255,-1087.567,0.333,0,-0.943,0,1,0,0.943,0,0.333,-12.831,21.192,29.297,"S","J"],[-164.835,30.575,-1087.091,0.324,0,-0.946,0,1,0,0.946,0,0.324,-11.118,17.924,28.212,"S","J"],[-165.014,30.839,-1086.645,-0.594,0,-0.804,0,1,0,0.804,0,-0.594,-10.528,14.654,25.904,"S","J"],[-165.184,31.049,-1086.237,-0.594,0,-0.804,0,1,0,0.804,0,-0.594,-9.978,11.384,23.586,"S","J"],[-165.344,31.205,-1085.868,-0.594,0,-0.804,0,1,0,0.804,0,-0.594,-9.428,8.114,21.269,"S","J"],[-165.496,31.306,-1085.538,-0.594,0,-0.804,0,1,0,0.804,0,-0.594,-8.879,4.844,18.951,"S","J"],[-165.638,31.353,-1085.246,-0.594,0,-0.804,0,1,0,0.804,0,-0.594,-8.329,1.574,16.633,"S","J"],[-165.771,31.345,-1084.993,-0.594,0,-0.804,0,1,0,0.804,0,-0.594,-7.788,-1.696,14.348,"S","J"],[-165.9,31.283,-1084.759,-0.594,0,-0.804,0,1,0,0.804,0,-0.594,-7.712,-4.966,14.027,"S","J"],[-166.028,31.166,-1084.525,-0.594,0,-0.804,0,1,0,0.804,0,-0.594,-7.71,-8.236,14.021,"S",0],[-166.084,31.46,-1084.316,-0.195,0,-0.981,0,1,0,0.981,0,-0.195,-2.275,22.951,12.171,7,"J"],[-166.12,31.834,-1084.114,-0.186,0,-0.983,0,1,0,0.983,0,-0.186,-2.167,20.435,12.127,"S","J"],[-166.166,32.138,-1083.877,-0.202,0,-0.979,0,1,0,0.979,0,-0.202,-2.796,16.237,14.536,8,"J"],[-166.212,32.321,-1083.652,-0.211,0,-0.977,0,1,0,0.977,0,-0.211,-2.761,9.028,13.373,"S","J"],["s","v","S","J"],[-166.365,32.527,-1083.387,-0.579,0,-0.815,0,1,0,0.815,0,-0.579,-8.276,9.036,12.593,"S","J"],[-166.474,32.633,-1083.225,-0.569,0,-0.822,0,1,0,0.822,0,-0.569,-8.752,8.067,12.973,"S","J"],[-166.658,32.771,-1082.956,-0.572,0,-0.82,0,1,0,0.82,0,-0.572,-8.841,5.598,12.96,"S","J"],[-166.807,32.854,-1082.741,-0.579,0,-0.816,0,1,0,0.816,0,-0.579,-8.966,4.56,12.896,"S",1],[-166.956,33.727,-1082.526,-0.586,0,-0.81,0,1,0,0.81,0,-0.586,-8.966,51.365,12.896,3,"J"],[-167.112,34.549,-1082.31,-0.665,0,-0.747,0,1,0,0.747,0,-0.665,-9.365,48.095,12.966,5,"J"],[-167.27,35.316,-1082.095,-0.698,0,-0.716,0,1,0,0.716,0,-0.698,-9.488,44.825,12.883,"S","J"],[-167.429,36.03,-1081.881,-0.704,0,-0.71,0,1,0,0.71,0,-0.704,-9.605,41.555,12.796,"S","J"],[-167.59,36.688,-1081.669,-0.708,0,-0.706,0,1,0,0.706,0,-0.708,-9.664,38.285,12.752,"S","J"],[-167.752,37.292,-1081.457,-0.711,0,-0.703,0,1,0,0.703,0,-0.711,-9.722,35.015,12.708,"S","J"],[-167.915,37.842,-1081.246,-0.711,0,-0.703,0,1,0,0.703,0,-0.711,-9.779,31.745,12.664,"S","J"],[-168.078,38.337,-1081.035,-0.714,0,-0.7,0,1,0,0.7,0,-0.714,-9.78,28.475,12.663,"S","J"],[-168.242,38.777,-1080.824,-0.717,0,-0.697,0,1,0,0.697,0,-0.717,-9.837,25.205,12.619,"S","J"],[-168.407,39.163,-1080.615,-0.721,0,-0.693,0,1,0,0.693,0,-0.721,-9.894,21.935,12.574,"S","J"],[-168.572,39.495,-1080.406,-0.724,0,-0.69,0,1,0,0.69,0,-0.724,-9.951,18.665,12.529,"S","J"],[-168.739,39.772,-1080.198,-0.727,0,-0.687,0,1,0,0.687,0,-0.727,-10.007,15.395,12.484,"S","J"],[-168.907,39.994,-1079.99,-0.727,0,-0.687,0,1,0,0.687,0,-0.727,-10.064,12.125,12.439,"S","J"],[-169.033,40.125,-1079.835,-0.707,0,-0.707,0,1,0,0.707,0,-0.707,-10.065,9.672,12.438,"S","J"],[-169.243,40.276,-1079.576,-0.752,0,-0.659,0,1,0,0.659,0,-0.752,-10.121,5.585,12.392,"S","J"],[-169.412,40.335,-1079.37,-0.73,0,-0.684,0,1,0,0.684,0,-0.73,-10.121,2.315,12.392,"S","J"],[-169.581,40.339,-1079.163,-0.733,0,-0.68,0,1,0,0.68,0,-0.733,-10.121,-0.955,12.392,"S",0],[-169.75,40.289,-1078.957,-0.733,0,-0.68,0,1,0,0.68,0,-0.733,-10.176,-4.225,12.347,"S","J"],[-169.92,40.185,-1078.752,-0.733,0,-0.68,0,1,0,0.68,0,-0.733,-10.178,-7.495,12.346,"S","J"],[-170.089,40.026,-1078.546,-0.733,0,-0.68,0,1,0,0.68,0,-0.733,-10.178,-10.765,12.346,"S","J"],[-170.259,39.812,-1078.341,-0.724,0,-0.69,0,1,0,0.69,0,-0.724,-10.178,-14.035,12.346,"S","J"],[-170.426,39.544,-1078.133,-0.692,0,-0.722,0,1,0,0.722,0,-0.692,-10.012,-17.305,12.48,"S","J"],[-170.585,39.222,-1077.919,-0.644,0,-0.765,0,1,0,0.765,0,-0.644,-9.443,-20.575,12.916,"S","J"],[-170.73,38.845,-1077.695,-0.561,0,-0.828,0,1,0,0.828,0,-0.561,-8.611,-23.845,13.484,"S","J"],["s","v","S","J"],[-170.888,38.413,-1077.48,-0.659,0,-0.752,0,1,0,0.752,0,-0.659,-9.627,-27.115,12.778,"S","J"],[-171.044,37.927,-1077.265,-0.672,0,-0.741,0,1,0,0.741,0,-0.672,-9.37,-30.385,12.971,"S","J"],[-171.197,37.387,-1077.046,-0.658,0,-0.753,0,1,0,0.753,0,-0.658,-9.132,-33.655,13.139,"S","J"],[-171.345,36.792,-1076.824,-0.644,0,-0.765,0,1,0,0.765,0,-0.644,-8.833,-36.925,13.342,"S","J"],["s","v","S","J"],[-171.468,36.143,-1076.598,0.183,0,-0.983,0,1,0,0.983,0,0.183,-6.478,-40.195,13.723,"S","J"],[-171.551,35.439,-1076.366,0.185,0,-0.983,0,1,0,0.983,0,0.185,-4.114,-43.465,14.04,"S","J"],[-171.595,34.68,-1076.129,0.188,0,-0.982,0,1,0,0.982,0,0.188,-1.749,-46.735,14.34,"S","J"],[-171.602,34.075,-1075.948,0.225,0,-0.974,0,1,0,0.974,0,0.225,0.027,-49.188,14.557,"S","J"],[-171.564,33,-1075.64,0.169,0,-0.986,0,1,0,0.986,0,0.169,2.987,-53.275,14.901,"S","J"],[-171.491,32.078,-1075.39,0.21,0,-0.978,0,1,0,0.978,0,0.21,5.093,-56.545,15.086,"S","J"],[-171.424,31.35,-1075.202,0.243,0,-0.97,0,1,0,0.97,0,0.243,5.407,-58.998,15.056,"S","J"],[-171.342,31.365,-1074.974,0.299,0,-0.954,0,1,0,0.954,0,0.299,4.594,9.812,12.815,12,"J"],["s","v","S",1],[-171.811,32.08,-1074.54,0.25,0,-0.968,0,1,0,0.968,0,0.25,-28.276,41.655,26.145,3,"J"],[-172.269,32.74,-1074.122,0.25,0,-0.968,0,1,0,0.968,0,0.25,-27.104,38.385,24.416,5,"J"],[-172.814,33.488,-1073.641,0.218,0,-0.976,0,1,0,0.976,0,0.218,-25.622,34.297,22.263,"S","J"],[-173.126,33.897,-1073.373,0.282,0,-0.959,0,1,0,0.959,0,0.282,-24.711,31.845,20.995,"S","J"],[-173.525,34.393,-1073.041,0.25,0,-0.968,0,1,0,0.968,0,0.25,-23.483,28.575,19.312,"S","J"],[-173.902,34.836,-1072.737,0.25,0,-0.968,0,1,0,0.968,0,0.25,-22.233,25.305,17.648,"S","J"],[-174.345,35.312,-1072.395,0.218,0,-0.976,0,1,0,0.976,0,0.218,-20.642,21.217,15.591,"S","J"],[-174.594,35.556,-1072.21,0.282,0,-0.959,0,1,0,0.959,0,0.282,-19.654,18.765,14.393,"S","J"],["s","v","S",0],[-174.904,35.835,-1071.987,-0.891,0,-0.454,0,1,0,0.454,0,-0.891,-17.924,15.495,12.756,"S","J"],[-175.184,36.059,-1071.792,-0.905,0,-0.426,0,1,0,0.426,0,-0.905,-16.201,12.225,11.113,"S","J"],["s","v","S","J"],[-175.43,36.229,-1071.6,-0.642,0,-0.766,0,1,0,0.766,0,-0.642,-13.891,8.955,11.734,"S","J"],[-175.638,36.344,-1071.398,-0.689,0,-0.724,0,1,0,0.724,0,-0.689,-11.589,5.685,12.35,"S","J"],[-175.808,36.405,-1071.187,-0.701,0,-0.713,0,1,0,0.713,0,-0.701,-9.626,2.415,12.85,"S","J"],[-175.969,36.411,-1070.973,-0.717,0,-0.697,0,1,0,0.697,0,-0.717,-9.604,-0.855,12.8,"S","J"],[-176.133,36.306,-1070.763,-0.667,0,-0.745,0,1,0,0.745,0,-0.667,-9.89,-7.835,12.577,7,"J"],[-176.302,36.142,-1070.557,-0.659,0,-0.752,0,1,0,0.752,0,-0.659,-10.227,-11.105,12.305,"S","J"],[-176.477,35.923,-1070.356,-0.674,0,-0.739,0,1,0,0.739,0,-0.674,-10.504,-14.375,12.069,8,"J"],[-176.656,35.649,-1070.158,-0.687,0,-0.727,0,1,0,0.727,0,-0.687,-10.775,-17.645,11.827,"S","J"],[-176.839,35.321,-1069.964,-0.694,0,-0.72,0,1,0,0.72,0,-0.694,-10.989,-20.915,11.629,"S","J"],[-177.023,34.986,-1069.771,-0.7,0,-0.714,0,1,0,0.714,0,-0.7,-11.097,-12.65,11.527,"S","J"],[-177.21,34.954,-1069.581,-0.707,0,-0.708,0,1,0,0.708,0,-0.707,-11.201,1.029,11.426,"S","J"],[-177.445,34.991,-1069.345,-0.71,0,-0.704,0,1,0,0.704,0,-0.71,-11.305,1.673,11.322,"S","J"],[-177.587,35.008,-1069.204,-0.71,0,-0.704,0,1,0,0.704,0,-0.71,-11.355,1.184,11.273,"S","J"],[-177.776,35.022,-1069.016,-0.713,0,-0.701,0,1,0,0.701,0,-0.713,-11.357,0.676,11.27,"S","J"],[-178.014,35.047,-1068.782,-0.713,0,-0.701,0,1,0,0.701,0,-0.713,-11.408,1.126,11.219,"S","J"],[-178.156,35.058,-1068.642,-0.713,0,-0.701,0,1,0,0.701,0,-0.713,-11.408,0.798,11.218,"S","J"],[-178.346,35.068,-1068.455,-0.713,0,-0.701,0,1,0,0.701,0,-0.713,-11.408,0.456,11.218,"S","J"],[-178.584,35.074,-1068.221,-0.713,0,-0.701,0,1,0,0.701,0,-0.713,-11.408,0.216,11.218,"S","J"],[-178.727,35.078,-1068.081,-0.713,0,-0.701,0,1,0,0.701,0,-0.713,-11.408,0.347,11.218,"S","J"],[-178.917,35.083,-1067.894,-0.713,0,-0.701,0,1,0,0.701,0,-0.713,-11.408,0.242,11.218,"S","J"],[-179.107,35.095,-1067.707,-0.713,0,-0.701,0,1,0,0.701,0,-0.713,-11.408,0.774,11.218,"S","J"],[-179.297,35.07,-1067.52,-0.713,0,-0.701,0,1,0,0.701,0,-0.713,-11.408,-2.727,11.218,"S","J"],[-179.487,35.047,-1067.333,-0.713,0,-0.701,0,1,0,0.701,0,-0.713,-11.408,-0.187,11.218,"S","J"],[-179.705,35.031,-1067.179,-0.838,0,-0.546,0,1,0,0.546,0,-0.838,-13.289,-0.256,8.901,"S","J"],[-179.927,35.033,-1067.032,-0.835,0,-0.55,0,1,0,0.55,0,-0.835,-13.326,0.174,8.855,"S","J"],[-180.059,35.035,-1066.943,0.374,0,-0.928,0,1,0,0.928,0,0.374,-4.747,0.144,3.154,"S","J"],[-180.118,35.004,-1066.905,0.46,0,-0.888,0,1,0,0.888,0,0.46,-2.761,-3.126,1.835,5,"J"],[-180.142,34.918,-1066.885,0.445,0,-0.895,0,1,0,0.895,0,0.445,-0.647,-6.396,0.733,"S","J"],["s","v","S","J"],[-180.131,34.777,-1066.886,0.511,0,-0.86,0,1,0,0.86,0,0.511,1.381,-9.666,-0.52,"S","J"],[-180.071,34.525,-1066.917,0.514,0,-0.858,0,1,0,0.858,0,0.514,3.915,-13.753,-2.086,"S","J"],[-180.028,34.261,-1066.94,0.514,0,-0.858,0,1,0,0.858,0,0.514,1.812,-17.023,-0.966,"S","J"],[-179.976,33.944,-1066.969,0.514,0,-0.858,0,1,0,0.858,0,0.514,3.846,-20.293,-2.207,"S","J"],[-179.891,33.571,-1067.019,0.514,0,-0.858,0,1,0,0.858,0,0.514,5.881,-23.563,-3.448,"S","J"],["s","v",12,1],[-180.583,34.032,-1066.673,0.455,0,-0.891,0,1,0,0.891,0,0.455,-41.531,26.406,20.771,3,"J"],[-181.241,34.438,-1066.309,0.371,0,-0.929,0,1,0,0.929,0,0.371,-38.564,23.136,21.948,5,"J"],[-181.862,34.789,-1065.95,0.337,0,-0.941,0,1,0,0.941,0,0.337,-36.624,19.866,21.268,"S","J"],[-182.453,35.086,-1065.605,0.333,0,-0.943,0,1,0,0.943,0,0.333,-34.804,16.596,20.377,"S","J"],[-183.014,35.329,-1065.275,0.333,0,-0.943,0,1,0,0.943,0,0.333,-32.996,13.326,19.462,"S","J"],[-183.544,35.517,-1064.96,0.333,0,-0.943,0,1,0,0.943,0,0.333,-31.189,10.056,18.548,"S","J"],[-184.044,35.651,-1064.661,0.333,0,-0.943,0,1,0,0.943,0,0.333,-29.38,6.786,17.636,"S",0],[-184.511,35.73,-1064.375,-0.826,0,-0.563,0,1,0,0.563,0,-0.826,-27.144,3.516,16.814,"S","J"],[-184.94,35.754,-1064.104,-0.841,0,-0.541,0,1,0,0.541,0,-0.841,-24.934,0.246,15.928,"S","J"],[-185.425,35.708,-1063.787,-0.875,0,-0.485,0,1,0,0.485,0,-0.875,-22.206,-3.841,14.74,"S","J"],[-185.69,35.64,-1063.609,-0.862,0,-0.507,0,1,0,0.507,0,-0.862,-20.602,-6.294,13.953,"S","J"],[-186.012,35.501,-1063.389,-0.899,0,-0.438,0,1,0,0.438,0,-0.899,-18.545,-9.564,12.753,"S","J"],["s","v","S","J"],[-186.314,35.307,-1063.201,-0.997,0,-0.072,0,1,0,0.072,0,-0.997,-17.918,-12.834,10.465,"S","J"],[-186.606,35.059,-1063.05,-1,0,-0.031,0,1,0,0.031,0,-1,-17.293,-16.104,8.167,"S","J"],[-186.888,34.757,-1062.938,-1,0,-0.027,0,1,0,0.027,0,-1,-16.679,-19.374,5.864,"S","J"],[-187.16,34.4,-1062.864,-1,0,-0.027,0,1,0,0.027,0,-1,-16.065,-22.644,3.562,"S","J"],[-187.424,33.988,-1062.819,-1,0,-0.027,0,1,0,0.027,0,-1,-15.802,-25.914,2.582,"S","J"],[-187.687,33.522,-1062.776,-1,0,-0.027,0,1,0,0.027,0,-1,-15.796,-29.184,2.56,"S","J"],["s","v","S","J"],[-188,32.863,-1062.69,-0.993,0.001,0.121,0.001,1,0,-0.121,0,-0.993,-14.5,-33.271,5.165,"S","J"],[-188.23,32.275,-1062.582,-0.995,0,0.099,0,1,0,-0.099,0,-0.995,-13.401,-36.541,7.279,"S","J"],[-188.442,31.632,-1062.439,-0.995,0,0.095,0,1,0,-0.095,0,-0.995,-12.295,-39.811,9.394,"S","J"],[-188.636,30.934,-1062.261,-0.996,0,0.095,0,1,0,-0.095,0,-0.996,-11.294,-43.081,11.264,"S","J"],[-188.812,30.182,-1062.062,-1,0,-0.006,0,1,0,0.006,0,-1,-10.421,-46.351,12.143,"S","J"],[-188.986,29.375,-1061.859,-0.999,0,-0.05,0,1,0,0.05,0,-0.999,-10.396,-49.621,12.162,8,"J"],[-189.087,29.254,-1061.738,-0.998,0,-0.07,0,1,0,0.07,0,-0.998,-3.561,-0.981,4.282,12,"J"],[-189.1,29.251,-1061.723,-0.436,0,-0.9,0,1,0,0.9,0,-0.436,-0.132,-0.019,0.108,"S","J"],["s","v","S",1],[-189.687,29.914,-1062.105,-0.433,0,-0.902,0,1,0,0.902,0,-0.433,-35.384,38.497,-22.988,3,"J"],[-190.257,30.521,-1062.478,-0.428,0,-0.904,0,1,0,0.904,0,-0.428,-33.571,35.227,-22.085,5,"J"],[-190.797,31.074,-1062.837,-0.424,0,-0.906,0,1,0,0.906,0,-0.424,-31.763,31.957,-21.172,"S","J"],[-191.307,31.573,-1063.18,-0.424,0,-0.906,0,1,0,0.906,0,-0.424,-29.96,28.687,-20.251,"S","J"],[-191.787,32.017,-1063.507,-0.424,0,-0.906,0,1,0,0.906,0,-0.424,-28.158,25.417,-19.328,"S","J"],[-192.237,32.406,-1063.819,-0.424,0,-0.906,0,1,0,0.906,0,-0.424,-26.356,22.147,-18.404,"S","J"],[-192.657,32.741,-1064.116,-0.424,0,-0.906,0,1,0,0.906,0,-0.424,-24.555,18.877,-17.478,"S","J"],[-193.046,33.022,-1064.397,-0.424,0,-0.906,0,1,0,0.906,0,-0.424,-22.755,15.607,-16.55,"S","J"],[-193.406,33.248,-1064.663,-0.424,0,-0.906,0,1,0,0.906,0,-0.424,-20.956,12.337,-15.621,"S",0],[-193.745,33.42,-1064.901,-0.949,0,0.317,0,1,0,-0.317,0,-0.949,-19.932,9.067,-13.445,"S","J"],[-194.066,33.537,-1065.103,-0.923,0,0.385,0,1,0,-0.385,0,-0.923,-18.882,5.797,-11.304,"S","J"],[-194.37,33.599,-1065.269,-0.92,0,0.393,0,1,0,-0.393,0,-0.92,-17.831,2.527,-9.167,"S","J"],[-194.656,33.607,-1065.399,-0.918,0,0.398,0,1,0,-0.398,0,-0.918,-16.78,-0.743,-7.029,"S","J"],[-194.924,33.561,-1065.494,-0.918,0,0.398,0,1,0,-0.398,0,-0.918,-15.694,-4.013,-4.91,"S","J"],[-195.182,33.46,-1065.568,-0.918,0,0.398,0,1,0,-0.398,0,-0.918,-15.408,-7.283,-4.353,"S","J"],[-195.438,33.879,-1065.64,-0.952,0,0.306,0,1,0,-0.306,0,-0.952,-15.395,30.913,-4.36,7,"J"],[-195.695,34.316,-1065.713,-0.963,0,0.27,0,1,0,-0.27,0,-0.963,-15.395,22.347,-4.357,"S","J"],[-195.952,34.587,-1065.784,-0.961,0,0.277,0,1,0,-0.277,0,-0.961,-15.415,13.073,-4.288,8,"J"],[-196.208,34.74,-1065.857,-0.962,0,0.272,0,1,0,-0.272,0,-0.962,-15.396,7.229,-4.355,"S","J"],[-196.465,34.824,-1065.93,-0.962,0,0.272,0,1,0,-0.272,0,-0.962,-15.395,3.986,-4.357,"S","J"],[-196.722,34.871,-1066.002,-0.962,0,0.272,0,1,0,-0.272,0,-0.962,-15.395,2.195,-4.357,"S","J"],["s","v","S","J"],[-196.985,34.897,-1066.045,-0.987,0,0.16,0,1,0,-0.16,0,-0.987,-15.835,1.224,-2.269,"S","J"],[-197.249,34.911,-1066.079,-0.993,0,0.119,0,1,0,-0.119,0,-0.993,-15.872,0.646,-2.016,"S","J"],[-197.514,34.918,-1066.11,-0.994,0,0.112,0,1,0,-0.112,0,-0.994,-15.89,0.365,-1.87,"S","J"],[-197.779,34.922,-1066.14,-0.994,0,0.108,0,1,0,-0.108,0,-0.994,-15.899,0.201,-1.796,"S","J"],[-198.044,34.925,-1066.169,-0.995,0,0.103,0,1,0,-0.103,0,-0.995,-15.907,0.11,-1.724,"S","J"],[-198.309,34.926,-1066.197,-0.995,0,0.099,0,1,0,-0.099,0,-0.995,-15.914,0.027,-1.652,"S","J"],["s","v","S","J"],[-198.57,34.926,-1066.253,-0.972,0,0.234,0,1,0,-0.234,0,-0.972,-15.584,0.026,-3.614,"S","J"],[-198.829,34.926,-1066.314,-0.973,0,0.231,0,1,0,-0.231,0,-0.973,-15.577,0.016,-3.653,"S","J"],[-199.024,34.921,-1066.359,-0.974,0,0.229,0,1,0,-0.229,0,-0.974,-15.577,-0.186,-3.654,"S","J"],[-199.349,34.921,-1066.436,-0.974,0,0.228,0,1,0,-0.228,0,-0.974,-15.577,0.088,-3.654,"S","J"],[-199.608,34.923,-1066.497,-0.974,0,0.228,0,1,0,-0.228,0,-0.974,-15.577,0.066,-3.654,"S","J"],["s","v","S","J"],[-199.854,34.923,-1066.599,-0.907,0,0.421,0,1,0,-0.421,0,-0.907,-14.622,0.039,-6.482,"S","J"],[-200.097,34.924,-1066.708,-0.909,0,0.416,0,1,0,-0.416,0,-0.909,-14.574,0.021,-6.602,"S","J"],[-200.34,34.89,-1066.818,-0.911,0,0.413,0,1,0,-0.413,0,-0.911,-14.573,-3.249,-6.605,"S","J"],[-200.583,34.802,-1066.928,-0.911,0,0.413,0,1,0,-0.413,0,-0.911,-14.573,-6.519,-6.605,"S","J"],[-200.826,34.659,-1067.038,-0.911,0,0.413,0,1,0,-0.413,0,-0.911,-14.573,-9.789,-6.605,"S",1],[-201.068,35.585,-1067.148,-0.911,0,0.413,0,1,0,-0.413,0,-0.911,-14.573,54.545,-6.605,3,"J"],[-201.311,36.46,-1067.258,-0.869,0,0.495,0,1,0,-0.495,0,-0.869,-14.573,51.275,-6.605,5,"J"],[-201.554,37.281,-1067.368,-0.85,0,0.526,0,1,0,-0.526,0,-0.85,-14.573,48.005,-6.605,"S","J"],[-201.792,38.046,-1067.492,-0.851,0.003,0.525,0,1,-0.007,-0.525,-0.006,-0.851,-13.909,44.465,-8.163,"S","J"],[-202.033,38.753,-1067.606,-0.852,0.004,0.524,-0.001,1,-0.009,-0.524,-0.008,-0.852,-14.59,41.198,-6.571,"S","J"],[-202.276,39.406,-1067.715,-0.848,0.001,0.529,-0.001,1,-0.003,-0.529,-0.003,-0.848,-14.604,37.928,-6.53,"S","J"],[-202.519,40.004,-1067.824,-0.848,0,0.53,-0.001,1,-0.001,-0.53,-0.001,-0.848,-14.578,34.658,-6.575,"S","J"],[-202.762,40.547,-1067.934,-0.848,0,0.53,0,1,0,-0.53,0,-0.848,-14.57,31.388,-6.599,"S","J"],[-203.005,41.036,-1068.044,-0.853,0,0.522,0,1,0,-0.522,0,-0.853,-14.571,28.118,-6.606,"S","J"],[-203.249,41.471,-1068.152,-0.857,0,0.515,0,1,0,-0.515,0,-0.857,-14.631,24.848,-6.476,"S","J"],[-203.494,41.851,-1068.258,-0.86,0,0.511,0,1,0,-0.511,0,-0.86,-14.689,21.578,-6.343,"S","J"],[-203.739,42.177,-1068.363,-0.86,0,0.511,0,1,0,-0.511,0,-0.86,-14.719,18.308,-6.274,"S","J"],["s","v","S",0],["s","v","S","J"],[-203.991,42.448,-1068.448,-0.938,0,0.348,0,1,0,-0.348,0,-0.938,-15.257,15.038,-4.815,"S","J"],[-204.248,42.664,-1068.519,-0.948,0,0.317,0,1,0,-0.317,0,-0.948,-15.454,11.768,-4.145,"S","J"],[-204.509,42.826,-1068.573,-0.966,0,0.26,0,1,0,-0.26,0,-0.966,-15.697,8.498,-3.097,"S","J"],[-204.773,42.934,-1068.611,-0.981,0,0.194,0,1,0,-0.194,0,-0.981,-15.863,5.228,-2.091,"S","J"],[-205.039,42.987,-1068.631,-0.989,0,0.145,0,1,0,-0.145,0,-0.989,-15.968,1.958,-1.011,"S","J"],[-205.306,42.985,-1068.636,-0.994,0,0.105,0,1,0,-0.105,0,-0.994,-16,-1.312,-0.202,"S","J"],[-205.572,42.93,-1068.63,-0.997,0,0.073,0,1,0,-0.073,0,-0.997,-15.995,-4.582,0.455,"S","J"],[-205.835,42.819,-1068.598,-0.986,0,-0.169,0,1,0,0.169,0,-0.986,-15.614,-7.852,2.812,"S","J"],[-206.09,42.654,-1068.527,-0.98,0,-0.199,0,1,0,0.199,0,-0.98,-15.209,-11.122,4.889,"S","J"],[-206.336,42.435,-1068.426,-0.953,0,-0.303,0,1,0,0.303,0,-0.953,-14.589,-14.392,6.557,"S","J"],[-206.567,42.161,-1068.295,-0.851,0,-0.525,0,1,0,0.525,0,-0.851,-13.357,-17.662,8.597,"S","J"],[-206.768,41.832,-1068.14,-0.786,0,-0.618,0,1,0,0.618,0,-0.786,-11.288,-20.932,9.775,"S","J"],[-206.895,41.55,-1068.011,-0.687,0,-0.727,0,1,0,0.727,0,-0.687,-9.676,-23.385,10.549,"S","J"],[-207.002,41.238,-1067.874,-0.588,0,-0.809,0,1,0,0.809,0,-0.588,-8.005,-25.837,11.183,"S","J"],["s","v",12,1],[-207.642,41.56,-1068.125,-0.599,0,-0.801,0,1,0,0.801,0,-0.599,-51.169,24.964,-20.019,3,"J"],[-208.7,42.029,-1068.495,-0.686,0,-0.728,0,1,0,0.728,0,-0.686,-50.206,20.877,-16.925,5,"J"],[-209.317,42.269,-1068.699,-0.662,0,-0.749,0,1,0,0.749,0,-0.662,-48.983,18.424,-16.018,"S","J"],[-210.115,42.542,-1068.954,-0.695,0,-0.719,0,1,0,0.719,0,-0.695,-47.272,15.154,-14.928,"S","J"],[-211.073,42.807,-1069.247,-0.725,0,-0.689,0,1,0,0.689,0,-0.725,-45.106,11.067,-13.604,"S","J"],[-211.625,42.925,-1069.41,-0.681,0,-0.733,0,1,0,0.733,0,-0.681,-43.81,8.614,-12.807,"S","J"],[-212.337,43.034,-1069.612,-0.708,0,-0.706,0,1,0,0.706,0,-0.708,-42.076,5.344,-11.751,"S","J"],[-213.186,43.095,-1069.84,-0.734,0,-0.679,0,1,0,0.679,0,-0.734,-39.901,1.257,-10.437,"S","J"],[-213.673,43.09,-1069.963,-0.69,0,-0.723,0,1,0,0.723,0,-0.69,-38.603,-1.196,-9.642,"S",0],["s","v","S",1],[-214.441,43.014,-1070.167,-0.604,0,0.797,0,1,0,-0.797,0,-0.604,-35.64,-5.283,-9.833,"S","J"],[-214.822,43.198,-1070.282,-0.681,0,0.732,0,1,0,-0.732,0,-0.681,-27.955,19.81,-8.982,7,"J"],[-215.181,43.598,-1070.443,-0.706,0,0.708,0,1,0,-0.708,0,-0.706,-17.708,23.531,-10.036,"S","J"],[-215.391,43.934,-1070.62,-0.71,0,0.705,0,1,0,-0.705,0,-0.71,-11.131,17.686,-10.775,"S","J"],[-215.577,44.13,-1070.803,-0.713,0,0.701,0,1,0,-0.701,0,-0.713,-11.13,9.329,-11.032,8,"J"],[-215.762,44.993,-1070.987,-0.713,0,0.701,0,1,0,-0.701,0,-0.713,-11.13,50.547,-11.032,3,"J"],[-215.952,45.801,-1071.174,-0.646,0,0.764,0,1,0,-0.764,0,-0.646,-11.415,47.277,-11.204,5,"J"],[-216.142,46.555,-1071.36,-0.618,0,0.787,0,1,0,-0.787,0,-0.618,-11.421,44.007,-11.207,"S","J"],[-216.332,47.255,-1071.547,-0.611,0,0.792,0,1,0,-0.792,0,-0.611,-11.422,40.737,-11.207,"S","J"],[-216.522,47.899,-1071.735,-0.607,0,0.795,0,1,0,-0.795,0,-0.607,-11.372,37.467,-11.258,"S","J"],[-216.756,48.629,-1071.972,-0.576,0,0.817,0,1,0,-0.817,0,-0.576,-11.215,33.38,-11.413,"S","J"],[-216.897,49.026,-1072.115,-0.633,0,0.774,0,1,0,-0.774,0,-0.633,-11.263,30.927,-11.365,"S","J"],[-217.132,49.619,-1072.35,-0.583,0,0.812,0,1,0,-0.812,0,-0.583,-11.317,26.84,-11.312,"S","J"],[-217.322,50.032,-1072.538,-0.621,0,0.784,0,1,0,-0.784,0,-0.621,-11.368,23.57,-11.261,"S","J"],[-217.465,50.306,-1072.677,-0.657,0,0.754,0,1,0,-0.754,0,-0.657,-11.513,21.117,-11.113,"S","J"],[-217.659,50.624,-1072.86,-0.642,0,0.767,0,1,0,-0.767,0,-0.642,-11.668,17.847,-10.95,"S","J"],[-217.905,50.945,-1073.085,-0.63,0,0.776,0,1,0,-0.776,0,-0.63,-11.818,13.76,-10.788,"S","J"],[-218.105,51.14,-1073.262,-0.666,0,0.746,0,1,0,-0.746,0,-0.666,-12.009,10.49,-10.575,"S","J"],[-218.307,51.281,-1073.436,-0.676,0,0.737,0,1,0,-0.737,0,-0.676,-12.153,7.22,-10.409,"S","J"],[-218.461,51.351,-1073.564,-0.713,0,0.701,0,1,0,-0.701,0,-0.713,-12.288,4.767,-10.248,"S","J"],[-218.72,51.399,-1073.773,-0.675,0,0.738,0,1,0,-0.738,0,-0.675,-12.479,0.68,-10.016,"S","J"],[-218.877,51.387,-1073.897,-0.729,0,0.685,0,1,0,-0.685,0,-0.729,-12.608,-1.773,-9.853,"S","J"],[-219.089,51.324,-1074.059,-0.718,0,0.696,0,1,0,-0.696,0,-0.718,-12.702,-5.043,-9.731,"S","J"],[-219.303,51.206,-1074.218,-0.734,0,0.679,0,1,0,-0.679,0,-0.734,-12.875,-8.313,-9.501,"S","J"],[-219.521,51.033,-1074.372,-0.761,0,0.649,0,1,0,-0.649,0,-0.761,-13.086,-11.583,-9.208,"S","J"],[-219.744,50.806,-1074.518,-0.798,0,0.603,0,1,0,-0.603,0,-0.798,-13.447,-14.853,-8.67,"S","J"],[-219.975,50.524,-1074.651,-0.837,0,0.547,0,1,0,-0.547,0,-0.837,-13.933,-18.123,-7.868,"S","J"],[-220.275,50.096,-1074.797,-0.869,0,0.494,0,1,0,-0.494,0,-0.869,-14.439,-22.21,-6.894,"S",0],[-220.46,49.797,-1074.871,-0.933,0,0.36,0,1,0,-0.36,0,-0.933,-14.982,-24.663,-5.601,"S","J"],[-220.716,49.352,-1074.947,-0.946,0,0.323,0,1,0,-0.323,0,-0.946,-15.416,-27.933,-4.277,"S","J"],[-221.042,48.719,-1075.016,-0.961,0,0.277,0,1,0,-0.277,0,-0.961,-15.694,-32.02,-3.116,"S","J"],[-221.24,48.299,-1075.043,-0.991,0,0.132,0,1,0,-0.132,0,-0.991,-15.881,-34.473,-1.913,"S","J"],[-221.506,47.69,-1075.057,-0.994,0,0.107,0,1,0,-0.107,0,-0.994,-15.989,-37.743,-0.552,"S","J"],[-221.772,47.027,-1075.052,-1,0,0.03,0,1,0,-0.03,0,-1,-15.994,-41.013,0.413,"S","J"],[-222.225,45.735,-1074.999,-0.981,0,-0.192,0,1,0,0.192,0,-0.981,-14.464,-46.735,2.656,"S","J"],[-222.445,44.922,-1074.941,-0.97,0,-0.243,0,1,0,0.243,0,-0.97,-12.507,-50.005,4.015,"S","J"],[-222.633,44.055,-1074.86,-0.966,0,-0.259,0,1,0,0.259,0,-0.966,-10.542,-53.275,5.364,"S","J"],[-222.822,42.894,-1074.727,-0.966,0,-0.259,0,1,0,0.259,0,-0.966,-8.086,-57.363,7.05,"S","J"],[-222.937,41.904,-1074.595,-0.967,0,-0.255,0,1,0,0.255,0,-0.967,-6.122,-60.633,8.399,"S","J"],[-223.001,41.125,-1074.482,-0.971,0,-0.238,0,1,0,0.238,0,-0.971,-4.666,-63.085,9.437,"S","J"],["s","v",12,1],[-223.429,41.264,-1075.498,-0.958,0,-0.286,0,1,0,0.286,0,-0.958,-25.649,7.097,-60.955,3,"J"],[-223.881,41.348,-1076.483,-0.981,0,-0.196,0,1,0,0.196,0,-0.981,-27.494,3.827,-58.215,5,"J"],[-224.338,41.378,-1077.431,-0.989,0,-0.147,0,1,0,0.147,0,-0.989,-27.319,0.557,-56.153,"S","J"],[-224.789,41.353,