[[514.238,-8.326,-1129.382,0.01,0,1,0,1,0,-1,0,0.01,0,0,0,8,0],[514.174,-8.326,-1129.389,-0.998,0,0.055,0,1,0,-0.055,0,-0.998,-7.686,0,-0.781,"S","J"],["s","v","S","J"],[513.886,-8.326,-1129.414,-0.992,0,0.126,0,1,0,-0.126,0,-0.992,-15.78,0,-1.317,"S","J"],[513.687,-8.326,-1129.43,-0.996,0,0.085,0,1,0,-0.085,0,-0.996,-15.936,0,-1.327,"S","J"],["s","v","S","J"],[513.42,-8.326,-1129.441,-0.999,0,0.033,0,1,0,-0.033,0,-0.999,-15.99,0,-0.546,"S","J"],[513.154,-8.326,-1129.45,-0.999,0,0.033,0,1,0,-0.033,0,-0.999,-15.991,0,-0.531,"S","J"],[512.887,-8.326,-1129.459,-0.999,0,0.033,0,1,0,-0.033,0,-0.999,-15.991,0,-0.53,"S","J"],[512.62,-8.326,-1129.467,-0.999,0,0.038,0,1,0,-0.038,0,-0.999,-15.991,0,-0.53,"S","J"],["s","v","S","J"],[512.354,-8.326,-1129.475,-1,0,0.026,0,1,0,-0.026,0,-1,-15.995,0,-0.416,"S","J"],[512.087,-8.326,-1129.481,-0.999,0,0.044,0,1,0,-0.044,0,-0.999,-15.995,0,-0.413,"S","J"],[511.821,-8.326,-1129.492,-0.998,0,0.062,0,1,0,-0.062,0,-0.998,-15.985,0,-0.698,"S","J"],[511.555,-8.326,-1129.508,-0.997,0,0.071,0,1,0,-0.071,0,-0.997,-15.969,0,-0.988,"S","J"],[511.289,-8.326,-1129.527,-0.997,0,0.076,0,1,0,-0.076,0,-0.997,-15.96,0,-1.135,"S",1],[511.023,-7.453,-1129.546,-0.997,0,0.076,0,1,0,-0.076,0,-0.997,-15.96,51.365,-1.135,3,"J"],[510.757,-6.631,-1129.566,-0.986,0,0.167,0,1,0,-0.167,0,-0.986,-15.954,48.095,-1.209,5,"J"],[510.491,-5.863,-1129.586,-0.978,0,0.207,0,1,0,-0.207,0,-0.978,-15.954,44.825,-1.211,"S","J"],[510.225,-5.15,-1129.606,-0.978,0,0.207,0,1,0,-0.207,0,-0.978,-15.954,41.555,-1.211,"S","J"],[509.959,-4.492,-1129.626,-0.978,0,0.207,0,1,0,-0.207,0,-0.978,-15.954,38.285,-1.211,"S","J"],[509.693,-3.888,-1129.646,-0.978,0,0.207,0,1,0,-0.207,0,-0.978,-15.954,35.015,-1.211,"S","J"],[509.427,-3.338,-1129.666,-0.978,0,0.207,0,1,0,-0.207,0,-0.978,-15.954,31.745,-1.211,"S","J"],[509.162,-2.843,-1129.686,-0.978,0,0.207,0,1,0,-0.207,0,-0.978,-15.954,28.475,-1.211,"S","J"],[508.896,-2.403,-1129.706,-0.978,0,0.207,0,1,0,-0.207,0,-0.978,-15.954,25.205,-1.211,"S","J"],[508.63,-2.017,-1129.726,-0.978,0,0.207,0,1,0,-0.207,0,-0.978,-15.954,21.935,-1.211,"S","J"],[508.364,-1.685,-1129.746,-0.978,0,0.207,0,1,0,-0.207,0,-0.978,-15.954,18.665,-1.211,"S","J"],[508.098,-1.408,-1129.766,-0.978,0,0.207,0,1,0,-0.207,0,-0.978,-15.954,15.395,-1.211,"S","J"],[507.832,-1.186,-1129.786,-0.979,0,0.203,0,1,0,-0.203,0,-0.979,-15.954,12.125,-1.211,"S","J"],[507.566,-1.018,-1129.805,-0.979,0,0.203,0,1,0,-0.203,0,-0.979,-15.959,8.855,-1.14,"S","J"],["s","v","S",0],[507.3,-0.904,-1129.818,-0.991,0,0.136,0,1,0,-0.136,0,-0.991,-15.984,5.585,-0.712,"S","J"],[507.034,-0.845,-1129.83,-0.984,0,0.176,0,1,0,-0.176,0,-0.984,-15.985,2.315,-0.704,"S","J"],[506.767,-0.841,-1129.842,-0.984,0,0.18,0,1,0,-0.18,0,-0.984,-15.981,-0.955,-0.775,"S","J"],[506.501,-0.891,-1129.855,-0.984,0,0.181,0,1,0,-0.181,0,-0.984,-15.981,-4.225,-0.776,"S","J"],[506.234,-0.995,-1129.868,-0.984,0,0.181,0,1,0,-0.181,0,-0.984,-15.981,-7.495,-0.776,"S","J"],[505.968,-1.154,-1129.88,-0.984,0,0.181,0,1,0,-0.181,0,-0.984,-15.981,-10.765,-0.776,"S","J"],[505.702,-1.367,-1129.893,-0.984,0,0.181,0,1,0,-0.181,0,-0.984,-15.981,-14.035,-0.776,"S","J"],[505.435,-1.635,-1129.906,-0.984,0,0.181,0,1,0,-0.181,0,-0.984,-15.981,-17.305,-0.776,"S","J"],[505.169,-1.958,-1129.919,-0.984,0,0.176,0,1,0,-0.176,0,-0.984,-15.981,-20.575,-0.776,"S","J"],[504.903,-2.335,-1129.93,-0.985,0,0.172,0,1,0,-0.172,0,-0.985,-15.984,-23.845,-0.705,"S","J"],[504.636,-2.766,-1129.941,-0.986,0,0.167,0,1,0,-0.167,0,-0.986,-15.987,-27.115,-0.632,"S","J"],[504.37,-3.252,-1129.951,-0.988,0,0.154,0,1,0,-0.154,0,-0.988,-15.99,-30.385,-0.56,"S","J"],[504.103,-3.793,-1129.957,-0.989,0,0.145,0,1,0,-0.145,0,-0.989,-15.996,-33.655,-0.345,"S","J"],[503.837,-4.388,-1129.96,-0.991,0,0.136,0,1,0,-0.136,0,-0.991,-15.999,-36.925,-0.198,"S","J"],[503.57,-5.037,-1129.962,-0.991,0,0.136,0,1,0,-0.136,0,-0.991,-16,-40.195,-0.053,"S","J"],[503.303,-5.741,-1129.963,-0.991,0,0.136,0,1,0,-0.136,0,-0.991,-16,-43.465,-0.05,"S","J"],[502.783,-7.313,-1129.943,-0.976,0,-0.219,0,1,0,0.219,0,-0.976,-14.771,-50.005,1.992,"S","J"],[502.551,-8.18,-1129.89,-0.943,0,-0.332,0,1,0,0.332,0,-0.943,-13.382,-53.275,3.929,"S","J"],[502.334,-9.102,-1129.8,-0.816,0,-0.578,0,1,0,0.578,0,-0.816,-12.825,-56.545,6.246,"S","J"],[502.14,-10.079,-1129.682,-0.703,0,-0.712,0,1,0,0.712,0,-0.703,-10.86,-59.815,7.594,"S","J"],[501.966,-11.11,-1129.562,-0.607,0,-0.794,0,1,0,0.794,0,-0.607,-8.722,-63.085,8.185,"S","J"],[501.842,-12.195,-1129.414,-0.583,0,-0.813,0,1,0,0.813,0,-0.583,-6.645,-66.355,9.353,"S","J"],[501.754,-13.335,-1129.247,-0.522,0,-0.853,0,1,0,0.853,0,-0.522,-4.498,-69.625,10.387,"S","J"],[501.702,-14.53,-1129.064,-0.51,0,-0.86,0,1,0,0.86,0,-0.51,-2.336,-72.895,11.391,"S","J"],["s","v",12,1],[500.514,-14.515,-1129.401,-0.51,0,-0.86,0,1,0,0.86,0,-0.51,-71.239,-0.348,-20.242,3,"J"],[499.35,-14.555,-1129.728,-0.527,0,-0.85,0,1,0,0.85,0,-0.527,-69.073,-3.618,-19.248,5,"J"],[498.221,-14.649,-1130.039,-0.533,0,-0.846,0,1,0,0.846,0,-0.533,-66.906,-6.888,-18.254,"S","J"],[497.128,-14.798,-1130.333,-0.534,0,-0.845,0,1,0,0.845,0,-0.534,-64.74,-10.158,-17.26,"S","J"],[496.072,-15.001,-1130.61,-0.534,0,-0.845,0,1,0,0.845,0,-0.534,-62.574,-13.428,-16.266,"S","J"],[495.052,-15.259,-1130.871,-0.534,0,-0.845,0,1,0,0.845,0,-0.534,-60.408,-16.698,-15.272,"S","J"],["s","v","S",0],[494.068,-15.572,-1131.116,-1,0,0.023,0,1,0,-0.023,0,-1,-58.172,-19.968,-14.448,"S","J"],[493.199,-15.939,-1131.32,-0.999,0,-0.033,0,1,0,0.033,0,-0.999,-48.507,-23.238,-10.886,7,"J"],[492.653,-16.249,-1131.434,-0.998,0,-0.066,0,1,0,0.066,0,-0.998,-41.258,-25.691,-8.214,"S","J"],[492.066,-16.652,-1131.534,-0.998,0,-0.069,0,1,0,0.069,0,-0.998,-31.593,-14.69,-4.651,"S","J"],["s","v",8,1],[491.54,-15.789,-1131.611,-0.999,0,-0.038,0,1,0,0.038,0,-0.999,-31.593,50.547,-4.651,3,"J"],[491.037,-14.981,-1131.681,-0.998,0,0.059,0,1,0,-0.059,0,-0.998,-29.335,47.277,-3.891,5,"J"],[490.571,-14.227,-1131.738,-0.995,0,0.095,0,1,0,-0.095,0,-0.995,-27.072,44.007,-3.141,"S","J"],[490.144,-13.528,-1131.783,-0.995,0,0.099,0,1,0,-0.099,0,-0.995,-24.81,40.737,-2.392,"S","J"],[489.754,-12.883,-1131.815,-0.995,0,0.1,0,1,0,-0.1,0,-0.995,-22.547,37.467,-1.642,"S","J"],[489.486,-12.435,-1131.83,-0.998,0,0.067,0,1,0,-0.067,0,-0.998,-20.851,35.015,-1.08,"S","J"],[489.162,-11.885,-1131.841,-0.995,0,0.1,0,1,0,-0.1,0,-0.995,-18.588,31.745,-0.33,"S","J"],[488.876,-11.39,-1131.838,-0.995,0,0.104,0,1,0,-0.104,0,-0.995,-16.329,28.475,0.419,"S","J"],[488.609,-10.95,-1131.831,-0.995,0,0.104,0,1,0,-0.104,0,-0.995,-16,25.205,0.457,"S","J"],[488.275,-10.476,-1131.821,-0.99,0,0.138,0,1,0,-0.138,0,-0.99,-15.993,21.117,0.458,"S","J"],[488.009,-10.158,-1131.802,-0.999,0,0.055,0,1,0,-0.055,0,-0.999,-15.952,17.847,1.24,"S","J"],[487.744,-9.894,-1131.781,-0.999,0,0.055,0,1,0,-0.055,0,-0.999,-15.951,14.577,1.255,"S","J"],[487.478,-9.686,-1131.76,-0.999,0,0.055,0,1,0,-0.055,0,-0.999,-15.951,11.307,1.255,"S","J"],[487.212,-9.531,-1131.739,-0.999,0,0.055,0,1,0,-0.055,0,-0.999,-15.951,8.037,1.255,"S","J"],[486.946,-9.431,-1131.718,-0.999,0,0.055,0,1,0,-0.055,0,-0.999,-15.951,4.767,1.255,"S",0],["s","v","S","J"],[486.68,-9.386,-1131.698,-0.998,0,0.059,0,1,0,-0.059,0,-0.998,-15.956,1.497,1.184,"S","J"],[486.481,-9.388,-1131.683,-1,0,0.026,0,1,0,-0.026,0,-1,-15.956,-0.955,1.183,"S","J"],[486.215,-9.438,-1131.664,-0.999,0,0.055,0,1,0,-0.055,0,-0.999,-15.956,-4.225,1.183,"S","J"],[485.882,-9.577,-1131.638,-0.996,0,0.088,0,1,0,-0.088,0,-0.996,-15.951,-8.313,1.255,"S","J"],[485.683,-9.701,-1131.622,-1,0,0.017,0,1,0,-0.017,0,-1,-15.951,-10.765,1.255,"S","J"],[485.351,-9.976,-1131.595,-0.997,0,0.083,0,1,0,-0.083,0,-0.997,-15.945,-14.853,1.327,"S","J"],[485.151,-10.183,-1131.578,-1,0,0.017,0,1,0,-0.017,0,-1,-15.945,-17.305,1.328,"S","J"],[484.886,-10.505,-1131.556,-0.999,0,0.046,0,1,0,-0.046,0,-0.999,-15.945,-20.575,1.328,"S","J"],[484.62,-10.882,-1131.533,-0.999,0,0.046,0,1,0,-0.046,0,-0.999,-15.939,-23.845,1.399,"S","J"],[484.288,-11.43,-1131.504,-0.997,0,0.079,0,1,0,-0.079,0,-0.997,-15.939,-27.933,1.4,"S","J"],[484.022,-11.929,-1131.48,-0.999,0,0.046,0,1,0,-0.046,0,-0.999,-15.939,-31.202,1.4,"S","J"],[483.823,-12.34,-1131.463,-1,0,0.012,0,1,0,-0.012,0,-1,-15.939,-33.655,1.4,"S","J"],[483.557,-12.935,-1131.439,-0.999,0,0.046,0,1,0,-0.046,0,-0.999,-15.939,-36.925,1.4,"S","J"],[483.225,-13.755,-1131.41,-0.997,0,0.079,0,1,0,-0.079,0,-0.997,-15.939,-41.013,1.4,"S","J"],[482.96,-14.473,-1131.387,-0.999,0,0.046,0,1,0,-0.046,0,-0.999,-15.939,-44.283,1.4,"S","J"],[482.694,-15.245,-1131.363,-0.999,0,0.046,0,1,0,-0.046,0,-0.999,-15.939,-47.553,1.4,"S","J"],[482.495,-15.86,-1131.346,-1,0,0.012,0,1,0,-0.012,0,-1,-15.939,-50.005,1.4,"S","J"],[482.229,-16.727,-1131.322,-0.999,0,-0.046,0,1,0,0.046,0,-0.999,-15.939,-53.275,1.4,7,"J"],[481.897,-16.851,-1131.293,-0.997,0,-0.083,0,1,0,0.083,0,-0.997,-15.939,5.954,1.4,"S","J"],[481.632,-16.735,-1131.269,-0.996,0,-0.087,0,1,0,0.087,0,-0.996,-15.939,6.473,1.4,8,"J"],[481.432,-16.67,-1131.252,-0.996,0,-0.087,0,1,0,0.087,0,-0.996,-15.939,4.61,1.4,"S","J"],[481.1,-16.605,-1131.223,-0.996,0,-0.088,0,1,0,0.088,0,-0.996,-15.939,2.278,1.4,"S","J"],[480.835,-16.579,-1131.199,-0.996,0,-0.088,0,1,0,0.088,0,-0.996,-15.939,1.253,1.4,"S","J"],[480.569,-16.564,-1131.176,-0.996,0,-0.088,0,1,0,0.088,0,-0.996,-15.939,0.684,1.4,"S","J"],[480.304,-16.556,-1131.152,-0.996,0,-0.088,0,1,0,0.088,0,-0.996,-15.939,0.373,1.4,"S","J"],[480.038,-16.552,-1131.129,-0.996,0,-0.088,0,1,0,0.088,0,-0.996,-15.939,0.203,1.4,"S","J"],[479.772,-16.55,-1131.105,-0.995,0,-0.101,0,1,0,0.101,0,-0.995,-15.939,0.11,1.4,"S","J"],[479.507,-16.548,-1131.079,-0.994,0,-0.11,0,1,0,0.11,0,-0.994,-15.918,0.06,1.613,"S","J"],[479.242,-16.548,-1131.05,-0.993,0,-0.115,0,1,0,0.115,0,-0.993,-15.903,0.033,1.758,"S","J"],["s","v","S","J"],[478.912,-16.547,-1131.001,-0.988,0,-0.155,0,1,0,0.155,0,-0.988,-15.818,0.015,2.404,"S","J"],[478.715,-16.547,-1130.971,-0.987,0,-0.16,0,1,0,0.16,0,-0.987,-15.807,0.01,2.477,"S","J"],[478.385,-16.547,-1130.918,-0.986,0,-0.164,0,1,0,0.164,0,-0.986,-15.795,0.004,2.552,"S","J"],[478.188,-16.547,-1130.885,-0.985,0,-0.173,0,1,0,0.173,0,-0.985,-15.784,0.003,2.62,"S","J"],[477.925,-16.547,-1130.839,-0.985,0,-0.173,0,1,0,0.173,0,-0.985,-15.759,0.001,2.764,"S","J"],[477.597,-16.547,-1130.782,-0.984,0,-0.177,0,1,0,0.177,0,-0.984,-15.759,0.001,2.767,"S","J"],["s","v","S","J"],[477.337,-16.547,-1130.721,-0.981,0,-0.195,0,1,0,0.195,0,-0.981,-15.555,0,3.743,"S","J"],[477.078,-16.547,-1130.659,-0.973,0,-0.231,0,1,0,0.231,0,-0.973,-15.551,0,3.762,"S","J"],[476.819,-16.547,-1130.596,-0.972,0,-0.235,0,1,0,0.235,0,-0.972,-15.551,0,3.762,"S","J"],[476.56,-16.547,-1130.534,-0.972,0,-0.235,0,1,0,0.235,0,-0.972,-15.551,0,3.762,"S","J"],[476.301,-16.547,-1130.471,-0.972,0,-0.235,0,1,0,0.235,0,-0.972,-15.551,0,3.762,"S","J"],[476.042,-16.547,-1130.409,-0.972,0,-0.235,0,1,0,0.235,0,-0.972,-15.551,0,3.762,"S","J"],[475.847,-16.547,-1130.362,-0.972,0,-0.235,0,1,0,0.235,0,-0.972,"v","S","J"],[475.588,-16.547,-1130.3,-0.972,0,-0.235,0,1,0,0.235,0,-0.972,"v","S","J"],[475.329,-16.547,-1130.237,-0.972,0,-0.235,0,1,0,0.235,0,-0.972,"v","S","J"],[475.07,-16.547,-1130.175,-0.971,0,-0.24,0,1,0,0.24,0,-0.971,"v","S","J"],[474.811,-16.547,-1130.111,-0.971,0,-0.24,0,1,0,0.24,0,-0.971,-15.534,0,3.831,"S","J"],[474.487,-16.547,-1130.031,-0.971,0,-0.24,0,1,0,0.24,0,-0.971,-15.534,0,3.833,"S","J"],[474.228,-16.547,-1129.967,-0.971,0,-0.24,0,1,0,0.24,0,-0.971,-15.534,0,3.833,"S","J"],["s","v","S",1],[473.969,-15.621,-1129.903,-0.944,0,-0.331,0,1,0,0.331,0,-0.944,-15.534,54.545,3.833,3,"J"],[473.716,-14.746,-1129.821,-0.957,0,-0.291,0,1,0,0.291,0,-0.957,-15.113,51.275,5.247,5,"J"],[473.468,-13.925,-1129.722,-0.947,0,-0.321,0,1,0,0.321,0,-0.947,-14.822,48.005,6.025,"S","J"],[473.287,-13.346,-1129.637,-0.917,0,-0.399,0,1,0,0.399,0,-0.917,-14.4,45.552,6.969,"S","J"],[472.995,-12.448,-1129.476,-0.931,0,-0.366,0,1,0,0.366,0,-0.931,-13.97,41.465,7.8,"S","J"],[472.766,-11.791,-1129.34,-0.911,0,-0.414,0,1,0,0.414,0,-0.911,-13.717,38.195,8.237,"S","J"],[472.596,-11.334,-1129.234,-0.882,0,-0.472,0,1,0,0.472,0,-0.882,-13.568,35.742,8.479,"S","J"],[472.319,-10.64,-1129.05,-0.892,0,-0.453,0,1,0,0.453,0,-0.892,-13.285,31.655,8.916,"S",0],[472.167,-10.265,-1128.941,-0.258,0,-0.966,0,1,0,0.966,0,-0.258,-11.524,29.202,8.612,"S","J"],[471.964,-9.708,-1128.768,-0.202,0,-0.979,0,1,0,0.979,0,-0.202,-8.596,25.115,8.062,"S","J"],[471.845,-9.323,-1128.639,-0.178,0,-0.984,0,1,0,0.984,0,-0.178,-6.262,21.845,7.578,"S","J"],[471.765,-8.993,-1128.518,-0.172,0,-0.985,0,1,0,0.985,0,-0.172,-3.933,18.575,7.073,"S","J"],[471.723,-8.718,-1128.406,-0.163,0,-0.987,0,1,0,0.987,0,-0.163,-1.606,15.305,6.56,"S","J"],["s","v","S","J"],[471.721,-8.496,-1128.297,-0.328,0,-0.945,0,1,0,0.945,0,-0.328,0.775,12.035,6.443,"S","J"],[471.775,-8.297,-1128.166,-0.307,0,-0.952,0,1,0,0.952,0,-0.307,3.743,7.947,6.184,"S","J"],[471.836,-8.218,-1128.091,-0.3,0,-0.954,0,1,0,0.954,0,-0.3,5.519,5.495,5.978,"S","J"],[471.911,-8.045,-1128.01,-0.29,0,-0.957,0,1,0,0.957,0,-0.29,3.902,11.087,4.227,12,"J"],[471.96,-7.859,-1127.957,-0.281,0,-0.96,0,1,0,0.96,0,-0.281,2.285,11.198,2.476,"S","J"],[471.981,-7.672,-1127.934,-0.259,0,-0.966,0,1,0,0.966,0,-0.259,0.669,11.2,0.725,"S","J"],[471.983,-7.439,-1127.932,-0.229,0,-0.973,0,1,0,0.973,0,-0.229,0.005,11.2,0.006,"S","J"],[471.983,-7.299,-1127.932,-0.207,0,-0.978,0,1,0,0.978,0,-0.207,0,11.2,0,"S","J"],[471.983,-7.112,-1127.932,-0.207,0,-0.978,0,1,0,0.978,0,-0.207,0,11.2,0,"S","J"],[471.983,-6.972,-1127.932,-0.207,0,-0.978,0,1,0,0.978,0,-0.207,0,11.2,0,"S","J"],[471.983,-6.786,-1127.932,-0.207,0,-0.978,0,1,0,0.978,0,-0.207,0,11.2,0,"S","J"],[471.983,-6.599,-1127.932,-0.207,0,-0.978,0,1,0,0.978,0,-0.207,0,11.2,0,"S","J"],[471.983,-6.412,-1127.932,-0.207,0,-0.978,0,1,0,0.978,0,-0.207,0,11.2,0,"S","J"],[471.983,-6.179,-1127.932,-0.207,0,-0.978,0,1,0,0.978,0,-0.207,0,11.2,0,"S","J"],[471.983,-6.039,-1127.932,-0.207,0,-0.978,0,1,0,0.978,0,-0.207,0,11.2,0,"S","J"],[471.983,-5.852,-1127.932,-0.207,0,-0.978,0,1,0,0.978,0,-0.207,0,11.2,0,"S","J"],[471.983,-5.666,-1127.932,-0.207,0,-0.978,0,1,0,0.978,0,-0.207,0,11.2,0,"S","J"],["s","v","S",1],[471.27,-5.182,-1127.813,-0.652,-0.014,0.758,-0.007,1,0.013,-0.758,0.003,-0.652,-8.369,22.462,9.348,8,"J"],[471.131,-4.245,-1127.657,-0.646,0.011,0.763,0.008,1,-0.008,-0.763,0.001,-0.646,-8.35,56.177,9.373,3,"J"],[470.969,-3.343,-1127.482,-0.712,0.012,0.702,0.008,1,-0.009,-0.702,-0.001,-0.712,-10.411,52.913,11.257,5,"J"],[470.789,-2.495,-1127.286,-0.736,0.004,0.676,0.003,1,-0.003,-0.676,-0.001,-0.736,-10.864,49.643,11.832,"S","J"],[470.608,-1.702,-1127.088,-0.739,0.001,0.673,0,1,-0.001,-0.673,0,-0.739,-10.804,46.372,11.838,"S","J"],[470.429,-0.963,-1126.891,-0.74,0,0.673,0,1,0,-0.673,0,-0.74,-10.773,43.102,11.835,"S","J"],[470.294,-0.445,-1126.743,-0.74,0,0.673,0,1,0,-0.673,0,-0.74,-10.767,40.65,11.834,"S","J"],[470.1,0.199,-1126.566,-0.947,0,-0.321,0,1,0,0.321,0,-0.947,-12.163,37.38,9.901,"S","J"],[469.883,0.788,-1126.421,-0.959,0,-0.282,0,1,0,0.282,0,-0.959,-13.56,34.11,7.97,"S","J"],[469.644,1.322,-1126.306,-0.962,0,-0.274,0,1,0,0.274,0,-0.962,-14.59,30.84,6.52,"S","J"],[469.4,1.802,-1126.199,-0.962,0,-0.273,0,1,0,0.273,0,-0.962,-14.674,27.57,6.378,"S","J"],[469.216,2.126,-1126.119,-0.952,0,-0.305,0,1,0,0.305,0,-0.952,-14.675,25.117,6.375,"S","J"],[468.972,2.511,-1126.013,-0.962,0,-0.273,0,1,0,0.273,0,-0.962,-14.675,21.847,6.375,"S","J"],[468.727,2.841,-1125.906,-0.962,0,-0.273,0,1,0,0.273,0,-0.962,-14.675,18.577,6.375,"S","J"],[468.483,3.116,-1125.8,-0.962,0,-0.273,0,1,0,0.273,0,-0.962,-14.675,15.307,6.375,"S","J"],[468.238,3.337,-1125.693,-0.962,0,-0.273,0,1,0,0.273,0,-0.962,-14.675,12.037,6.375,"S",0],[467.952,3.537,-1125.529,-0.994,0,-0.11,0,1,0,0.11,0,-0.994,-13.093,7.95,8.899,"S","J"],[467.745,3.636,-1125.363,-1,0,0.021,0,1,0,-0.021,0,-1,-12.18,4.68,10.356,"S","J"],[467.594,3.674,-1125.232,-0.994,0,0.109,0,1,0,-0.109,0,-0.994,-12.091,2.227,10.478,"S","J"],[467.342,3.669,-1125.014,-0.972,0,0.237,0,1,0,-0.237,0,-0.972,-12.086,-1.86,10.484,"S","J"],[467.191,3.593,-1124.883,-0.954,0,0.301,0,1,0,-0.301,0,-0.954,-12.086,-7.177,10.484,7,"J"],[466.939,3.392,-1124.664,-0.92,0,0.391,0,1,0,-0.391,0,-0.92,-12.086,-11.265,10.484,"S","J"],[466.788,3.231,-1124.533,-0.9,0,0.436,0,1,0,-0.436,0,-0.9,-12.086,-13.717,10.484,"S","J"],[466.536,2.887,-1124.314,-0.868,0,0.497,0,1,0,-0.497,0,-0.868,-12.086,-17.805,10.484,8,"J"],[466.335,2.877,-1124.14,-0.844,0,0.536,0,1,0,-0.536,0,-0.844,-12.086,1.3,10.484,"S","J"],[466.109,2.92,-1123.895,-0.826,0,0.563,0,1,0,-0.563,0,-0.826,-10.725,1.97,11.873,"S","J"],["s","v","S","J"],[465.946,2.943,-1123.684,-0.824,0,0.567,0,1,0,-0.567,0,-0.824,-9.673,1.18,12.744,"S","J"],[465.785,2.956,-1123.472,-0.82,0,0.572,0,1,0,-0.572,0,-0.82,-9.652,0.673,12.761,"S","J"],[465.624,2.964,-1123.259,-0.817,0,0.576,0,1,0,-0.576,0,-0.817,-9.651,0.367,12.761,"S","J"],[465.463,2.967,-1123.047,-0.815,0,0.58,0,1,0,-0.58,0,-0.815,-9.651,0.198,12.761,"S","J"],[465.302,2.937,-1122.834,-0.812,0,0.583,0,1,0,-0.583,0,-0.812,-9.651,-3.072,12.761,"S","J"],[465.141,2.851,-1122.621,-0.81,0,0.587,0,1,0,-0.587,0,-0.81,-9.651,-6.342,12.761,"S","J"],[464.98,2.712,-1122.408,-0.807,0,0.591,0,1,0,-0.591,0,-0.807,-9.651,-9.612,12.761,"S","J"],[464.819,2.517,-1122.195,-0.804,0,0.594,0,1,0,-0.594,0,-0.804,-9.651,-12.882,12.761,"S","J"],[464.659,2.269,-1121.982,-0.802,0,0.598,0,1,0,-0.598,0,-0.802,-9.651,-16.152,12.761,"S","J"],[464.498,1.965,-1121.769,-0.799,0,0.601,0,1,0,-0.601,0,-0.799,-9.651,-19.422,12.761,"S","J"],[464.337,1.608,-1121.556,-0.798,0,0.603,0,1,0,-0.603,0,-0.798,-9.651,-22.692,12.761,5,"J"],[464.176,1.195,-1121.343,-0.798,0,0.603,0,1,0,-0.603,0,-0.798,-9.651,-25.962,12.761,"S","J"],[464.015,0.729,-1121.13,-0.798,0,0.603,0,1,0,-0.603,0,-0.798,-9.651,-29.232,12.761,"S","J"],[463.814,0.068,-1120.864,-0.798,0,0.603,0,1,0,-0.603,0,-0.798,-9.651,-33.32,12.761,"S","J"],[463.693,-0.368,-1120.705,-0.798,0,0.603,0,1,0,-0.603,0,-0.798,-9.651,-35.772,12.761,"S","J"],[463.492,-1.165,-1120.439,-0.798,0,0.603,0,1,0,-0.603,0,-0.798,-9.651,-39.86,12.761,"S","J"],[463.331,-1.863,-1120.226,-0.798,0,0.603,0,1,0,-0.603,0,-0.798,-9.651,-43.13,12.761,"S","J"],[463.17,-2.616,-1120.013,-0.798,0,0.603,0,1,0,-0.603,0,-0.798,-9.651,-46.4,12.761,"S","J"],[463.009,-3.423,-1119.8,-0.798,0,0.603,0,1,0,-0.603,0,-0.798,-9.651,-49.67,12.761,"S","J"],[462.889,-4.065,-1119.64,-0.798,0,0.603,0,1,0,-0.603,0,-0.798,-9.651,-52.122,12.761,"S","J"],[462.728,-4.968,-1119.427,-0.798,0,0.603,0,1,0,-0.603,0,-0.798,-9.651,-55.392,12.761,"S","J"],[462.527,-6.173,-1119.161,-0.798,0,0.603,0,1,0,-0.603,0,-0.798,-9.651,-59.48,12.761,"S","J"],[462.406,-6.937,-1119.002,-0.798,0,0.603,0,1,0,-0.603,0,-0.798,-9.651,-61.932,12.761,"S","J"],[462.245,-8.003,-1118.789,-0.798,0,0.603,0,1,0,-0.603,0,-0.798,-9.651,-65.202,12.761,"S","J"],[462.084,-9.124,-1118.576,-0.798,0,0.603,0,1,0,-0.603,0,-0.798,-9.651,-68.472,12.761,"S","J"],[461.923,-10.299,-1118.363,-0.798,0,0.603,0,1,0,-0.603,0,-0.798,-9.651,-71.742,12.761,"S","J"],[461.763,-11.529,-1118.15,-0.798,0,0.603,0,1,0,-0.603,0,-0.798,-9.651,-75.012,12.761,"S","J"],[461.561,-13.143,-1117.884,-0.798,0,0.603,0,1,0,-0.603,0,-0.798,-9.651,-79.1,12.761,"S","J"],[461.441,-14.152,-1117.724,-0.798,0,0.603,0,1,0,-0.603,0,-0.798,-9.651,-81.552,12.761,"S","J"],[461.28,-15.545,-1117.511,-0.798,0,0.603,0,1,0,-0.603,0,-0.798,-9.651,-84.822,12.761,"S","J"],[461.119,-16.819,-1117.298,-0.798,0,0.603,0,1,0,-0.603,0,-0.798,-9.651,-46.289,12.761,7,"J"],[460.958,-16.912,-1117.086,-0.798,0,0.603,0,1,0,-0.603,0,-0.798,-9.651,5.386,12.761,"S","J"],[460.757,-16.746,-1116.82,-0.798,0,0.603,0,1,0,-0.603,0,-0.798,-9.651,7.589,12.761,8,"J"],[460.596,-16.656,-1116.607,-0.798,0,0.603,0,1,0,-0.603,0,-0.798,-9.651,4.267,12.761,"S","J"],[460.435,-16.607,-1116.394,-0.798,0,0.603,0,1,0,-0.603,0,-0.798,-9.651,2.345,12.761,"S","J"],[460.274,-16.579,-1116.181,-0.798,0,0.603,0,1,0,-0.603,0,-0.798,-9.651,1.28,12.761,"S","J"],[460.113,-16.565,-1115.968,-0.798,0,0.603,0,1,0,-0.603,0,-0.798,-9.651,0.698,12.761,"S","J"],[459.953,-16.557,-1115.755,-0.798,0,0.603,0,1,0,-0.603,0,-0.798,-9.651,0.38,12.761,"S","J"],[459.792,-16.552,-1115.542,-0.798,0,0.603,0,1,0,-0.603,0,-0.798,-9.651,0.207,12.761,"S","J"],[459.631,-16.55,-1115.329,-0.798,0,0.603,0,1,0,-0.603,0,-0.798,-9.651,0.113,12.761,"S","J"],[459.429,-16.548,-1115.064,-0.797,0,0.604,0,1,0,-0.604,0,-0.797,-9.709,0.053,12.718,"S","J"],[459.307,-16.548,-1114.906,-0.797,0,0.604,0,1,0,-0.604,0,-0.797,-9.709,0.033,12.717,"S","J"],[459.145,-16.547,-1114.694,-0.797,0,0.604,0,1,0,-0.604,0,-0.797,-9.709,0.018,12.717,"S","J"],[458.984,-16.547,-1114.482,-0.796,0,0.605,0,1,0,-0.605,0,-0.796,-9.709,0.01,12.717,"S","J"],[458.821,-16.547,-1114.27,-0.796,0,0.605,0,1,0,-0.605,0,-0.796,-9.766,0.005,12.674,"S","J"],[458.618,-16.547,-1114.006,-0.795,0,0.606,0,1,0,-0.606,0,-0.795,-9.767,0.003,12.673,"S","J"],[458.455,-16.547,-1113.795,-0.795,0,0.607,0,1,0,-0.607,0,-0.795,-9.767,0.001,12.673,"S","J"],[458.333,-16.547,-1113.636,-0.795,0,0.607,0,1,0,-0.607,0,-0.795,-9.767,0.001,12.673,"S","J"],[458.129,-16.547,-1113.372,-0.794,0,0.608,0,1,0,-0.608,0,-0.794,-9.767,0,12.673,"S","J"],[457.949,-16.547,-1113.176,-0.788,0,0.616,0,1,0,-0.616,0,-0.788,-10.957,0,11.657,"S","J"],[457.765,-16.547,-1112.982,-0.78,0,0.626,0,1,0,-0.626,0,-0.78,-11.032,0,11.588,"S","J"],[457.581,-16.547,-1112.79,-0.772,0,0.635,0,1,0,-0.635,0,-0.772,-11.085,0,11.538,"S","J"],[457.395,-16.547,-1112.599,-0.765,0,0.644,0,1,0,-0.644,0,-0.765,-11.138,0,11.487,"S","J"],[457.209,-16.547,-1112.407,-0.759,0,0.651,0,1,0,-0.651,0,-0.759,-11.139,0,11.486,"S","J"],[457.024,-16.547,-1112.216,-0.754,0,0.657,0,1,0,-0.657,0,-0.754,-11.139,0,11.486,"S","J"],[456.838,-16.555,-1112.024,-0.749,0,0.663,0,1,0,-0.663,0,-0.749,-11.139,-0.109,11.486,"S","J"],[456.652,-16.552,-1111.833,-0.745,0,0.667,0,1,0,-0.667,0,-0.745,-11.139,0.164,11.486,"S","J"],[456.467,-16.55,-1111.641,-0.741,0,0.671,0,1,0,-0.671,0,-0.741,-11.139,0.124,11.486,"S","J"],[456.281,-16.549,-1111.45,-0.738,0,0.675,0,1,0,-0.675,0,-0.738,-11.139,0.072,11.486,"S","J"],[456.095,-16.548,-1111.259,-0.735,0,0.678,0,1,0,-0.678,0,-0.735,-11.139,0.039,11.486,"S","J"],[455.91,-16.547,-1111.067,-0.733,0,0.68,0,1,0,-0.68,0,-0.733,-11.139,0.021,11.486,"S","J"],[455.724,-16.547,-1110.876,-0.731,0,0.682,0,1,0,-0.682,0,-0.731,-11.139,0.011,11.486,"S","J"],[455.538,-16.547,-1110.684,-0.729,0,0.684,0,1,0,-0.684,0,-0.729,-11.139,0.006,11.486,"S","J"],[455.353,-16.547,-1110.493,-0.728,0,0.686,0,1,0,-0.686,0,-0.728,-11.139,0.003,11.486,"S","J"],[455.167,-16.547,-1110.302,-0.726,0,0.687,0,1,0,-0.687,0,-0.726,-11.139,0.002,11.486,"S","J"],[454.981,-16.547,-1110.11,-0.725,0,0.688,0,1,0,-0.688,0,-0.725,-11.139,0.001,11.486,"S","J"],[454.796,-16.547,-1109.919,-0.724,0,0.69,0,1,0,-0.69,0,-0.724,-11.139,0,11.486,"S","J"],[454.61,-16.547,-1109.727,-0.723,0,0.69,0,1,0,-0.69,0,-0.723,-11.139,0,11.486,"S","J"],[454.424,-16.547,-1109.536,-0.723,0,0.691,0,1,0,-0.691,0,-0.723,-11.139,0,11.486,"S","J"],[454.239,-16.547,-1109.345,-0.722,0,0.692,0,1,0,-0.692,0,-0.722,-11.139,0,11.486,"S","J"],[454.053,-16.547,-1109.153,-0.721,0,0.692,0,1,0,-0.692,0,-0.721,-11.139,0,11.486,"S","J"],[453.867,-16.555,-1108.962,-0.721,0,0.693,0,1,0,-0.693,0,-0.721,-11.139,-0.109,11.486,"S","J"],[453.682,-16.552,-1108.77,-0.721,0,0.693,0,1,0,-0.693,0,-0.721,-11.139,0.164,11.486,"S","J"],[453.496,-16.55,-1108.579,-0.72,0,0.694,0,1,0,-0.694,0,-0.72,-11.139,0.124,11.486,"S","J"],[453.31,-16.549,-1108.388,-0.72,0,0.694,0,1,0,-0.694,0,-0.72,-11.139,0.072,11.486,"S","J"],[453.125,-16.548,-1108.196,-0.72,0,0.694,0,1,0,-0.694,0,-0.72,-11.139,0.039,11.486,"S","J"],[452.939,-16.547,-1108.005,-0.719,0,0.695,0,1,0,-0.695,0,-0.719,-11.139,0.021,11.486,"S","J"],[452.753,-16.547,-1107.813,-0.719,0,0.695,0,1,0,-0.695,0,-0.719,-11.139,0.011,11.486,"S","J"],[452.568,-16.547,-1107.622,-0.719,0,0.695,0,1,0,-0.695,0,-0.719,-11.139,0.006,11.486,"S","J"],[452.382,-16.547,-1107.431,-0.719,0,0.695,0,1,0,-0.695,0,-0.719,-11.139,0.003,11.486,"S","J"],[452.196,-16.547,-1107.239,-0.719,0,0.695,0,1,0,-0.695,0,-0.719,-11.139,0.002,11.486,"S","J"],[452.011,-16.547,-1107.048,-0.719,0,0.695,0,1,0,-0.695,0,-0.719,-11.139,0.001,11.486,"S","J"],[451.825,-16.547,-1106.856,-0.719,0,0.696,0,1,0,-0.696,0,-0.719,-11.139,0,11.486,"S","J"],[451.639,-16.547,-1106.665,-0.718,0,0.696,0,1,0,-0.696,0,-0.718,-11.139,0,11.486,"S","J"],[451.454,-16.547,-1106.474,-0.718,0,0.696,0,1,0,-0.696,0,-0.718,-11.139,0,11.486,"S","J"],[451.268,-16.547,-1106.282,-0.718,0,0.696,0,1,0,-0.696,0,-0.718,-11.139,0,11.486,"S","J"],[451.082,-16.547,-1106.091,-0.718,0,0.696,0,1,0,-0.696,0,-0.718,-11.139,0,11.486,"S","J"],[450.897,-16.547,-1105.899,-0.718,0,0.696,0,1,0,-0.696,0,-0.718,-11.139,0,11.486,"S","J"],[450.711,-16.547,-1105.708,-0.718,0,0.696,0,1,0,-0.696,0,-0.718,-11.139,0,11.486,"S","J"],[450.525,-16.547,-1105.516,-0.718,0,0.696,0,1,0,-0.696,0,-0.718,-11.139,0,11.486,"S","J"],[450.34,-16.547,-1105.325,-0.718,0,0.696,0,1,0,-0.696,0,-0.718,"v","S","J"],[450.154,-16.547,-1105.134,-0.718,0,0.696,0,1,0,-0.696,0,-0.718,"v","S",1],[450.015,-15.895,-1104.99,-0.28,0,0.96,0,1,0,-0.96,0,-0.28,-11.139,51.365,11.486,3,"J"],[449.849,-15.073,-1104.784,-0.329,0,0.944,0,1,0,-0.944,0,-0.329,-9.221,48.095,12.902,5,"J"],[449.677,-14.122,-1104.499,-0.36,0,0.933,0,1,0,-0.933,0,-0.36,-8.029,44.007,13.837,"S","J"],[449.539,-13.422,-1104.271,-0.317,0,0.948,0,1,0,-0.948,0,-0.317,-8.321,40.737,13.666,"S","J"],[449.432,-12.934,-1104.102,-0.278,0,0.961,0,1,0,-0.961,0,-0.278,-8.618,38.285,13.481,"S","J"],[449.285,-12.33,-1103.88,-0.298,0,0.954,0,1,0,-0.954,0,-0.298,-8.813,35.015,13.354,"S","J"],[449.138,-11.78,-1103.658,-0.298,0,0.955,0,1,0,-0.955,0,-0.298,-8.876,31.745,13.312,"S","J"],[448.99,-11.285,-1103.436,-0.293,0,0.956,0,1,0,-0.956,0,-0.293,-8.877,28.475,13.311,"S",0],[448.951,-11.17,-1103.382,0.162,0,0.987,0,1,0,-0.987,0,0.162,-9.3,27.657,12.891,"S","J"],[448.778,-10.743,-1103.185,0.08,0,0.997,0,1,0,-0.997,0,0.08,-10.993,24.387,11.213,"S","J"],[448.577,-10.371,-1103.015,0.067,0,0.998,0,1,0,-0.998,0,0.067,-12.693,21.117,9.543,"S","J"],[448.491,-10.066,-1102.883,0.014,-0.001,1,0.002,1,0.001,-1,0.002,0.014,-4.813,17.036,8.409,"S","J"],[448.434,-9.867,-1102.765,0.083,-0.004,0.997,0.001,1,0.004,-0.997,0.001,0.083,-1.231,10.775,6.241,12,"J"],["s","v","S","J"],[448.418,-9.682,-1102.686,-0.293,-0.001,0.956,0,1,0.001,-0.956,0.001,-0.293,-0.741,11.192,3.871,"S","J"],[448.41,-9.495,-1102.646,-0.297,0,0.955,0,1,0,-0.955,0,-0.297,-0.314,11.2,1.554,"S","J"],[448.41,-9.308,-1102.642,-0.301,0,0.954,0,1,0,-0.954,0,-0.301,-0.009,11.2,0.033,"S","J"],[448.41,-9.122,-1102.642,-0.306,0,0.952,0,1,0,-0.952,0,-0.306,0,11.2,0,"S","J"],[448.41,-8.935,-1102.642,-0.31,0,0.951,0,1,0,-0.951,0,-0.31,0,11.2,0,"S","J"],[448.41,-8.748,-1102.642,-0.31,0,0.951,0,1,0,-0.951,0,-0.31,0,11.2,0,"S","J"],[448.41,-8.562,-1102.642,-0.314,0,0.949,0,1,0,-0.949,0,-0.314,0,11.2,0,"S","J"],[448.41,-8.375,-1102.642,-0.314,0,0.949,0,1,0,-0.949,0,-0.314,0,11.2,0,"S","J"],[448.41,-8.188,-1102.642,-0.314,0,0.949,0,1,0,-0.949,0,-0.314,0,11.2,0,"S","J"],[448.332,-7.855,-1102.616,-0.314,0,0.949,0,1,0,-0.949,0,-0.314,-5.893,20.35,1.951,8,"J"],[448.231,-7.529,-1102.583,-0.314,0,0.949,0,1,0,-0.949,0,-0.314,-6.081,17.556,2.014,"S","J"],[448.104,-7.24,-1102.54,-0.319,0,0.948,0,1,0,-0.948,0,-0.319,-6.084,11.127,2.014,"S","J"],[447.976,-7.058,-1102.471,-0.448,-0.01,0.894,-0.002,1,0.01,-0.894,0.003,-0.448,-4.462,10.089,3.987,"S","J"],[447.872,-6.893,-1102.396,-0.409,-0.028,0.912,-0.005,1,0.028,-0.913,0.007,-0.409,-6.153,8.976,4.561,"S","J"],[447.809,-6.736,-1102.337,-0.411,-0.027,0.911,-0.005,1,0.027,-0.911,0.007,-0.411,-5.426,13.718,3.62,"S","J"],[447.776,-6.523,-1102.282,-0.423,-0.021,0.906,-0.004,1,0.022,-0.906,0.006,-0.423,-5.02,10.71,3.581,"S","J"],[447.711,-6.365,-1102.209,-0.413,-0.029,0.91,-0.005,1,0.029,-0.911,0.007,-0.413,-5.95,7.859,4.694,"S","J"],[447.67,-6.31,-1102.076,-0.408,-0.044,0.912,-0.012,0.999,0.042,-0.913,0.006,-0.408,-4.224,0.12,4.598,"S","J"],[447.604,-6.31,-1101.995,-0.47,-0.036,0.882,-0.016,0.999,0.033,-0.882,0.001,-0.47,-5.705,0.068,7.014,"S","J"],[447.502,-6.309,-1101.871,-0.489,-0.03,0.872,-0.02,1,0.022,-0.872,-0.007,-0.489,-6.293,0.096,7.55,"S","J"],[447.395,-6.307,-1101.742,-0.494,-0.029,0.869,-0.022,1,0.021,-0.869,-0.009,-0.495,-6.391,0.104,7.755,"S","J"],[447.289,-6.305,-1101.612,-0.499,-0.03,0.866,-0.022,1,0.022,-0.866,-0.008,-0.499,-6.4,0.102,7.817,"S",1],[447.182,-5.333,-1101.481,-0.999,-0.023,0.023,-0.023,0.999,0.023,-0.023,0.022,-0.999,-6.4,58.3,7.817,3,"J"],[447.075,-4.362,-1101.351,-0.999,-0.024,0.023,-0.023,0.999,0.023,-0.023,0.023,-0.999,-6.4,58.3,7.817,"S","J"],[446.969,-3.39,-1101.221,-0.999,-0.024,0.023,-0.024,0.999,0.024,-0.023,0.023,-0.999,-6.4,58.3,7.817,"S","J"],[446.862,-2.418,-1101.09,-0.999,-0.025,0.023,-0.025,0.999,0.025,-0.023,0.024,-0.999,-6.4,58.3,7.817,"S","J"],[446.774,-1.481,-1100.944,-1,-0.013,0.006,-0.012,1,0.013,-0.006,0.012,-1,-4.682,55.036,9.462,5,"J"],[446.71,-0.598,-1100.765,-0.999,-0.003,0.049,-0.003,1,0.003,-0.049,0.003,-0.999,-3.328,51.761,11.466,"S","J"],[446.659,0.43,-1100.493,-0.99,0,0.138,0,1,0,-0.138,0,-0.99,-1.913,47.673,14.128,"S","J"],[446.615,1.19,-1100.239,-0.985,0,0.172,0,1,0,-0.172,0,-0.985,-2.887,44.403,15.65,"S","J"],[446.568,1.896,-1099.976,-0.985,0,0.17,0,1,0,-0.17,0,-0.985,-2.799,41.133,15.755,"S","J"],[446.522,2.548,-1099.714,-0.985,0,0.17,0,1,0,-0.17,0,-0.985,-2.726,37.863,15.767,"S","J"],[446.466,3.285,-1099.385,-0.985,0,0.17,0,1,0,-0.17,0,-0.985,-2.723,33.776,15.767,"S","J"],[446.432,3.687,-1099.188,-0.985,0,0.17,0,1,0,-0.17,0,-0.985,-2.723,31.323,15.766,"S","J"],[446.375,4.289,-1098.86,-0.985,0,0.17,0,1,0,-0.17,0,-0.985,-2.723,27.236,15.767,"S","J"],["s","v","S",0],[446.32,4.708,-1098.599,-0.984,0,0.179,0,1,0,-0.179,0,-0.984,-3.352,23.966,15.645,"S","J"],[446.264,5.074,-1098.338,-0.978,0,0.207,0,1,0,-0.207,0,-0.978,-3.365,20.696,15.642,"S","J"],[446.208,5.385,-1098.077,-0.978,0,0.21,0,1,0,-0.21,0,-0.978,-3.365,17.426,15.642,"S","J"],[446.152,5.641,-1097.817,-0.978,0,0.21,0,1,0,-0.21,0,-0.978,-3.365,14.156,15.642,"S","J"],[446.082,5.885,-1097.491,-0.978,0,0.21,0,1,0,-0.21,0,-0.978,-3.365,10.068,15.642,"S","J"],[446.04,5.99,-1097.295,-0.978,0,0.21,0,1,0,-0.21,0,-0.978,-3.365,7.616,15.642,"S","J"],[445.97,6.098,-1096.969,-0.978,0,0.21,0,1,0,-0.21,0,-0.978,-3.365,3.528,15.642,"S","J"],[445.928,6.121,-1096.774,-0.978,0,0.21,0,1,0,-0.21,0,-0.978,-3.365,1.076,15.642,"S","J"],[445.872,6.105,-1096.513,-0.978,0,0.21,0,1,0,-0.21,0,-0.978,-3.365,-2.194,15.642,"S","J"],[445.815,6.035,-1096.253,-0.977,0,0.215,0,1,0,-0.215,0,-0.977,-3.434,-5.464,15.627,"S","J"],[445.758,5.91,-1095.992,-0.977,0,0.215,0,1,0,-0.215,0,-0.977,-3.436,-8.734,15.627,"S","J"],["s","v","S","J"],[445.677,5.73,-1095.741,0.386,0,0.923,0,1,0,-0.923,0,0.386,-5.673,-12.004,14.805,"S","J"],[445.562,5.496,-1095.501,0.352,0,0.936,0,1,0,-0.936,0,0.352,-7.402,-15.274,14.169,"S","J"],[445.437,5.207,-1095.266,0.348,0,0.938,0,1,0,-0.938,0,0.348,-7.5,-18.544,14.133,"S","J"],[445.312,4.864,-1095.031,0.356,0,0.935,0,1,0,-0.935,0,0.356,-7.502,-21.814,14.132,"S","J"],["s","v","S","J"],[445.191,4.466,-1094.792,0.364,-0.002,0.931,0.004,1,0,-0.931,0.004,0.364,-7.18,-25.084,14.283,"S","J"],[445.072,4.014,-1094.554,0.33,-0.001,0.944,0.002,1,0,-0.944,0.002,0.33,-7.162,-28.354,14.267,"S","J"],[444.953,3.508,-1094.316,0.326,0,0.945,0,1,0,-0.945,0,0.326,-7.169,-31.624,14.286,"S","J"],[444.833,2.946,-1094.078,0.326,0,0.945,0,1,0,-0.945,0,0.326,-7.176,-34.894,14.297,"S","J"],[444.714,2.331,-1093.84,0.326,0,0.945,0,1,0,-0.945,0,0.326,-7.179,-38.164,14.3,"S","J"],[444.594,1.661,-1093.602,0.326,0,0.945,0,1,0,-0.945,0,0.326,-7.179,-41.434,14.3,"S","J"],[444.474,0.936,-1093.363,0.326,0,0.945,0,1,0,-0.945,0,0.326,-7.179,-44.704,14.299,"S","J"],[444.355,0.157,-1093.125,0.326,0,0.945,0,1,0,-0.945,0,0.326,-7.179,-47.974,14.299,"S","J"],[444.235,-0.677,-1092.887,0.326,0,0.945,0,1,0,-0.945,0,0.326,-7.179,-51.244,14.299,"S","J"],[444.115,-1.565,-1092.649,0.326,0,0.945,0,1,0,-0.945,0,0.326,-7.179,-54.514,14.299,"S","J"],[443.996,-2.508,-1092.41,0.326,0,0.945,0,1,0,-0.945,0,0.326,-7.179,-57.784,14.299,"S","J"],[443.876,-3.505,-1092.172,0.326,0,0.945,0,1,0,-0.945,0,0.326,-7.179,-61.054,14.299,"S","J"],[443.756,-4.556,-1091.934,0.326,0,0.945,0,1,0,-0.945,0,0.326,-7.179,-64.324,14.299,"S","J"],[443.637,-5.662,-1091.695,0.326,0,0.945,0,1,0,-0.945,0,0.326,-7.179,-67.594,14.299,"S","J"],[443.517,-6.823,-1091.457,0.326,0,0.945,0,1,0,-0.945,0,0.326,-7.179,-70.864,14.299,"S","J"],[443.398,-8.038,-1091.219,0.326,0,0.945,0,1,0,-0.945,0,0.326,-7.179,-74.134,14.299,"S","J"],[443.308,-8.985,-1091.04,0.357,0,0.934,0,1,0,-0.934,0,0.357,-7.179,-76.587,14.299,"S","J"],[443.158,-10.632,-1090.742,0.294,0,0.956,0,1,0,-0.956,0,0.294,-7.179,-80.674,14.299,"S","J"],[443.039,-12.011,-1090.504,0.326,0,0.945,0,1,0,-0.945,0,0.326,-7.179,-83.944,14.299,"S","J"],[442.919,-13.444,-1090.266,0.326,0,0.945,0,1,0,-0.945,0,0.326,-7.179,-87.214,14.299,"S","J"],[442.799,-14.931,-1090.027,0.326,0,0.945,0,1,0,-0.945,0,0.326,-7.179,-90.484,14.299,"S","J"],[442.68,-16.474,-1089.789,0.326,0,0.945,0,1,0,-0.945,0,0.326,-7.179,-93.754,14.299,"S","J"],[442.56,-16.699,-1089.551,0.417,0,0.909,0,1,0,-0.909,0,0.417,-7.179,-0.82,14.299,7,"J"],["s","v",8,"J"],[442.42,-16.656,-1089.32,0.544,-0.001,0.839,-0.007,1,0.005,-0.839,-0.008,0.544,-8.586,3.209,13.675,"S","J"],["s","v","S","J"],[442.267,-16.61,-1089.101,0.581,0,0.814,-0.002,1,0.002,-0.814,-0.003,0.581,-9.277,2.324,13.04,"S","J"],[442.112,-16.582,-1088.884,0.581,0,0.814,0,1,0,-0.814,0,0.581,-9.292,1.357,13,"S","J"],[441.957,-16.566,-1088.667,0.581,0,0.814,0,1,0,-0.814,0,0.581,-9.291,0.753,13.018,"S","J"],[441.803,-16.557,-1088.45,0.581,0,0.814,0,1,0,-0.814,0,0.581,-9.291,0.412,13.027,"S","J"],["s","v","S","J"],[441.71,-16.554,-1088.273,0.432,0,0.902,0,1,0,-0.902,0,0.432,-7.105,0.262,14.323,"S","J"],[441.564,-16.55,-1087.974,0.434,0,0.901,0,1,0,-0.901,0,0.434,-6.985,0.123,14.395,"S","J"],[441.448,-16.549,-1087.734,0.436,0,0.9,0,1,0,-0.9,0,0.436,-6.984,0.067,14.395,"S","J"],[441.331,-16.548,-1087.494,0.436,0,0.9,0,1,0,-0.9,0,0.436,-6.984,0.036,14.395,"S","J"],[441.215,-16.547,-1087.254,0.436,0,0.9,0,1,0,-0.9,0,0.436,-6.984,0.02,14.395,"S","J"],[441.098,-16.547,-1087.015,0.436,0,0.9,0,1,0,-0.9,0,0.436,-6.984,0.011,14.395,"S","J"],[440.982,-16.547,-1086.775,0.436,0,0.9,0,1,0,-0.9,0,0.436,-6.984,0.006,14.395,"S","J"],[440.865,-16.547,-1086.535,0.436,0,0.9,0,1,0,-0.9,0,0.436,-6.984,0.003,14.395,"S","J"],["s","v","S","J"],[440.724,-16.547,-1086.309,0.552,0,0.834,0,1,0,-0.834,0,0.552,-8.717,0.002,13.414,"S","J"],[440.578,-16.547,-1086.086,0.549,0,0.836,0,1,0,-0.836,0,0.549,-8.751,0.001,13.395,"S","J"],[440.432,-16.547,-1085.863,0.547,0,0.837,0,1,0,-0.837,0,0.547,-8.752,0.001,13.394,"S","J"],[440.286,-16.547,-1085.64,0.547,0,0.837,0,1,0,-0.837,0,0.547,-8.752,0,13.394,"S","J"],[440.14,-16.547,-1085.417,0.547,0,0.837,0,1,0,-0.837,0,0.547,-8.752,0,13.394,"S","J"],[439.994,-16.547,-1085.194,0.547,0,0.837,0,1,0,-0.837,0,0.547,-8.752,0,13.394,"S","J"],["s","v","S",1],[439.849,-15.684,-1084.971,0.724,0,0.689,0,1,0,-0.689,0,0.724,-8.752,50.547,13.394,3,"J"],[439.771,-16.161,-1084.832,0.729,-0.01,0.685,-0.022,0.999,0.038,-0.684,-0.042,0.728,-4.083,-27.33,8.247,5,"J"],["s","v",8,"J"],[439.718,-15.59,-1084.673,0.777,-0.012,0.629,-0.055,0.995,0.087,-0.627,-0.103,0.772,-2.39,56.122,10.782,3,"J"],[439.712,-15.441,-1084.205,0.781,-0.006,0.624,-0.211,0.939,0.273,-0.588,-0.345,0.732,0.09,55.869,33.892,"S","J"],[439.746,-14.932,-1083.265,0.818,-0.144,0.557,-0.339,0.661,0.669,-0.465,-0.736,0.492,7.294,55.376,58.74,"S","J"],[439.867,-14,-1082.251,0.901,-0.052,0.431,-0.414,0.191,0.89,-0.129,-0.98,0.151,7.158,55.899,63.089,"S","J"],[439.98,-12.924,-1081.174,0.885,0.454,0.104,-0.307,0.402,0.863,0.349,-0.795,0.495,5.937,68.344,66.373,5,"J"],[440.092,-11.822,-1080.033,0.977,0.038,0.209,-0.138,0.862,0.488,-0.161,-0.506,0.848,6.983,62.22,69.303,"S","J"],[440.237,-10.861,-1078.944,0.85,-0.082,0.52,0.005,0.989,0.149,-0.526,-0.124,0.841,9.095,54.938,62.802,"S","J"],[440.384,-9.987,-1077.964,0.668,-0.038,0.743,0.035,0.999,0.019,-0.743,0.014,0.669,8.454,51.113,56.797,"S","J"],[440.514,-9.169,-1077.054,0.648,-0.004,0.762,0.017,1,-0.008,-0.761,0.018,0.648,7.437,47.821,53.509,"S","J"],[440.631,-8.406,-1076.187,0.635,0.002,0.773,0.004,1,-0.006,-0.773,0.007,0.635,6.837,44.548,51.143,"S","J"],[440.741,-7.698,-1075.359,0.621,0.002,0.784,0,1,-0.002,-0.784,0.001,0.621,6.471,41.277,48.886,"S","J"],[440.846,-7.044,-1074.568,0.606,0,0.795,-0.001,1,0,-0.795,0,0.606,6.167,38.007,46.574,"S","J"],[440.945,-6.445,-1073.816,0.581,0,0.814,0,1,0,-0.814,0,0.581,5.864,34.737,44.222,"S","J"],[441.04,-5.9,-1073.104,0.555,0,0.832,0,1,0,-0.832,0,0.555,5.555,31.467,41.859,"S","J"],[441.129,-5.409,-1072.431,0.539,0,0.842,0,1,0,-0.842,0,0.539,5.242,28.197,39.495,"S",0],[441.242,-4.873,-1071.645,-0.994,0,0.114,0,1,0,-0.114,0,-0.994,5.505,24.109,36.526,"S","J"],[441.337,-4.505,-1071.061,-1,0,0.009,0,1,0,-0.009,0,-1,5.846,20.839,34.167,"S","J"],[441.425,-4.192,-1070.514,-0.999,0,0.046,0,1,0,-0.046,0,-0.999,4.948,17.569,31.96,"S","J"],[441.499,-3.933,-1070.005,-0.998,0,0.069,0,1,0,-0.069,0,-0.998,4.101,14.299,29.732,"S","J"],["s","v","S","J"],[441.575,-3.729,-1069.532,-1,0,0.008,0,1,0,-0.008,0,-1,4.861,11.029,27.473,"S","J"],[441.664,-3.579,-1069.098,-1,0,0.015,0,1,0,-0.015,0,-1,5.621,7.759,25.214,"S","J"],["s","v","S",1],[441.768,-3.484,-1068.701,-1,0,0.025,0,1,0,-0.025,0,-1,6.596,4.489,23.04,"S","J"],[441.888,-3.443,-1068.339,-1,0,0.024,0,1,0,-0.024,0,-1,7.571,1.219,20.865,"S","J"],[441.989,-3.448,-1068.092,-0.998,0,0.057,0,1,0,-0.057,0,-0.998,8.302,-1.233,19.234,"S","J"],[442.228,-3.198,-1067.838,-0.994,0,0.114,0,1,0,-0.114,0,-0.994,13.57,13.246,7.485,7,"J"],[442.418,-3.06,-1067.79,-0.988,0,0.154,0,1,0,-0.154,0,-0.988,15.636,9.831,2.878,"S","J"],[442.746,-2.933,-1067.737,-0.988,0,0.156,0,1,0,-0.156,0,-0.988,15.801,4.272,2.511,8,"J"],[443.01,-2.06,-1067.695,-0.988,0,0.157,0,1,0,-0.157,0,-0.988,15.801,51.365,2.511,3,"J"],[443.273,-1.238,-1067.653,-0.998,0,0.07,0,1,0,-0.07,0,-0.998,15.802,48.095,2.508,5,"J"],[443.596,-0.287,-1067.574,-0.992,0,0.127,0,1,0,-0.127,0,-0.992,15.442,44.007,4.183,"S","J"],[443.788,0.242,-1067.517,-0.979,0,0.206,0,1,0,-0.206,0,-0.979,15.342,41.555,4.54,"S","J"],[444.106,1.057,-1067.417,-0.989,0,0.149,0,1,0,-0.149,0,-0.989,15.252,37.467,4.836,"S","J"],[444.297,1.505,-1067.355,-0.975,0,0.223,0,1,0,-0.223,0,-0.975,15.209,35.015,4.969,"S","J"],[444.549,2.054,-1067.271,-0.979,0,0.204,0,1,0,-0.204,0,-0.979,15.162,31.745,5.111,"S","J"],[444.801,2.549,-1067.182,-0.975,0,0.222,0,1,0,-0.222,0,-0.975,15.091,28.475,5.316,"S","J"],[445.051,2.99,-1067.09,-0.97,0,0.244,0,1,0,-0.244,0,-0.97,14.993,25.205,5.587,"S","J"],[445.299,3.376,-1066.992,-0.966,0,0.257,0,1,0,-0.257,0,-0.966,14.863,21.935,5.925,"S","J"],[445.546,3.707,-1066.89,-0.963,0,0.27,0,1,0,-0.27,0,-0.963,14.779,18.665,6.129,"S","J"],[445.791,3.984,-1066.785,-0.96,0,0.279,0,1,0,-0.279,0,-0.96,14.695,15.395,6.33,"S","J"],[446.035,4.207,-1066.678,-0.956,0,0.292,0,1,0,-0.292,0,-0.956,14.636,12.125,6.464,"S","J"],[446.277,4.375,-1066.567,-0.954,0,0.301,0,1,0,-0.301,0,-0.954,14.547,8.855,6.662,"S","J"],[446.519,4.488,-1066.454,-0.952,0,0.305,0,1,0,-0.305,0,-0.952,14.486,5.585,6.795,"S","J"],[446.82,4.554,-1066.312,-0.959,0,0.282,0,1,0,-0.282,0,-0.959,14.454,1.497,6.862,"S","J"],[447.06,4.545,-1066.195,-0.947,0,0.322,0,1,0,-0.322,0,-0.947,14.392,-1.773,6.991,"S","J"],[447.239,4.502,-1066.107,-0.932,0,0.362,0,1,0,-0.362,0,-0.932,14.33,-4.225,7.117,"S","J"],[447.477,4.398,-1065.986,-0.942,0,0.335,0,1,0,-0.335,0,-0.942,14.263,-7.495,7.251,"S","J"],[447.774,4.19,-1065.834,-0.953,0,0.304,0,1,0,-0.304,0,-0.953,14.228,-11.583,7.318,"S","J"],[448.011,3.963,-1065.712,-0.942,0,0.335,0,1,0,-0.335,0,-0.942,14.228,-14.853,7.318,"S","J"],[448.176,3.757,-1065.627,-0.906,0,0.424,0,1,0,-0.424,0,-0.906,12.639,-17.305,6.501,"S","J"],[448.406,3.345,-1065.508,-0.893,0,0.45,0,1,0,-0.45,0,-0.893,9.989,-21.393,5.138,"S","J"],[448.55,2.955,-1065.434,-0.89,0,0.457,0,1,0,-0.457,0,-0.89,7.87,-24.663,4.048,"S","J"],[448.659,2.51,-1065.378,-0.889,0,0.457,0,1,0,-0.