[[56.971,-16.704,-1390.29,0.172,0,-0.985,0,1,0,0.985,0,0.172,0,0.001,0,8,0],["s","v","S","J"],[57.074,-16.704,-1390.26,-0.923,0,0.384,0,1,0,-0.384,0,-0.923,9.879,0,2.915,"S","J"],[57.309,-16.704,-1390.187,-0.939,0,0.344,0,1,0,-0.344,0,-0.939,15.127,0,4.684,"S","J"],[57.563,-16.704,-1390.105,-0.947,0,0.322,0,1,0,-0.322,0,-0.947,15.215,-0.001,4.939,"S","J"],[57.879,-16.704,-1390,-0.945,0,0.327,0,1,0,-0.327,0,-0.945,15.172,-0.001,5.081,"S","J"],[58.068,-16.704,-1389.935,-0.942,0,0.335,0,1,0,-0.335,0,-0.942,15.127,-0.001,5.212,"S","J"],[58.319,-16.704,-1389.846,-0.939,0,0.343,0,1,0,-0.343,0,-0.939,15.078,-0.001,5.354,"S","J"],[58.57,-16.704,-1389.755,-0.936,0,0.352,0,1,0,-0.352,0,-0.936,15.028,-0.001,5.49,"S","J"],[58.82,-16.704,-1389.662,-0.934,0,0.356,0,1,0,-0.356,0,-0.934,14.978,-0.001,5.627,"S","J"],[59.069,-16.704,-1389.567,-0.931,0,0.365,0,1,0,-0.365,0,-0.931,14.952,-0.001,5.696,"S","J"],[59.317,-16.704,-1389.47,-0.931,0,0.365,0,1,0,-0.365,0,-0.931,14.9,-0.001,5.83,"S","J"],[59.566,-16.704,-1389.373,-0.931,0,0.365,0,1,0,-0.365,0,-0.931,14.899,-0.001,5.833,"S","J"],[59.814,-16.704,-1389.276,-0.931,0,0.365,0,1,0,-0.365,0,-0.931,14.899,-0.001,5.833,"S","J"],[60.062,-16.704,-1389.179,-0.931,0,0.365,0,1,0,-0.365,0,-0.931,14.899,-0.001,5.833,"S","J"],[60.311,-16.704,-1389.081,-0.931,0,0.365,0,1,0,-0.365,0,-0.931,"v","S","J"],[60.559,-16.704,-1388.984,-0.931,0,0.365,0,1,0,-0.365,0,-0.931,"v","S","J"],[60.807,-16.704,-1388.887,-0.931,0,0.365,0,1,0,-0.365,0,-0.931,"v","S","J"],[61.056,-16.704,-1388.79,-0.931,0,0.365,0,1,0,-0.365,0,-0.931,14.899,0,5.833,"S","J"],[61.304,-16.738,-1388.693,-0.931,0,0.365,0,1,0,-0.365,0,-0.931,14.899,-3.27,5.833,"S","J"],[61.552,-16.746,-1388.596,-0.931,0,0.365,0,1,0,-0.365,0,-0.931,14.899,0.259,5.833,"S","J"],[61.801,-16.739,-1388.498,-0.931,0,0.365,0,1,0,-0.365,0,-0.931,14.899,0.463,5.833,"S","J"],[62.049,-16.733,-1388.401,-0.933,0,0.36,0,1,0,-0.36,0,-0.933,14.899,0.303,5.833,"S","J"],[62.36,-16.728,-1388.281,-0.933,0,0.36,0,1,0,-0.36,0,-0.933,14.925,0.15,5.766,"S","J"],[62.546,-16.727,-1388.209,-0.933,0,0.36,0,1,0,-0.36,0,-0.933,14.925,0.096,5.765,"S","J"],[62.795,-16.726,-1388.113,-0.933,0,0.36,0,1,0,-0.36,0,-0.933,14.925,0.052,5.765,"S","J"],[63.044,-16.725,-1388.016,-0.936,0,0.352,0,1,0,-0.352,0,-0.936,14.925,0.028,5.765,"S","J"],[63.293,-16.725,-1387.922,-0.941,0,0.339,0,1,0,-0.339,0,-0.941,14.976,0.016,5.632,"S",1],[63.543,-15.862,-1387.828,-0.945,0,0.326,0,1,0,-0.326,0,-0.945,14.976,50.547,5.632,3,"J"],[63.795,-15.054,-1387.741,-0.972,0,0.234,0,1,0,-0.234,0,-0.972,15.122,47.277,5.228,5,"J"],[64.047,-14.3,-1387.655,-0.98,0,0.198,0,1,0,-0.198,0,-0.98,15.148,44.007,5.152,"S","J"],[64.3,-13.6,-1387.569,-0.981,0,0.194,0,1,0,-0.194,0,-0.981,15.148,40.737,5.151,"S","J"],[64.552,-12.955,-1387.483,-0.982,0,0.189,0,1,0,-0.189,0,-0.982,15.148,37.467,5.151,"S","J"],[64.805,-12.365,-1387.398,-0.984,0,0.175,0,1,0,-0.175,0,-0.984,15.171,34.197,5.083,"S","J"],[65.059,-11.829,-1387.316,-0.989,0,0.149,0,1,0,-0.149,0,-0.989,15.238,30.927,4.879,"S",0],[65.314,-11.348,-1387.241,-0.991,0,0.135,0,1,0,-0.135,0,-0.991,15.364,27.657,4.467,"S","J"],[65.571,-10.921,-1387.169,-0.991,0,0.131,0,1,0,-0.131,0,-0.991,15.424,24.387,4.253,"S","J"],[65.829,-10.548,-1387.099,-0.991,0,0.131,0,1,0,-0.131,0,-0.991,15.444,21.117,4.18,"S","J"],[66.086,-10.231,-1387.03,-0.991,0,0.131,0,1,0,-0.131,0,-0.991,15.445,17.847,4.179,"S","J"],[66.344,-9.967,-1386.96,-0.991,0,0.131,0,1,0,-0.131,0,-0.991,15.445,14.577,4.179,"S","J"],[66.601,-9.758,-1386.89,-0.991,0,0.131,0,1,0,-0.131,0,-0.991,15.445,11.307,4.179,"S","J"],[66.858,-9.604,-1386.82,-0.991,0,0.131,0,1,0,-0.131,0,-0.991,15.445,8.037,4.179,"S","J"],[67.116,-9.504,-1386.75,-0.991,0,0.131,0,1,0,-0.131,0,-0.991,15.445,4.767,4.179,"S","J"],[67.373,-9.459,-1386.68,-0.991,0,0.131,0,1,0,-0.131,0,-0.991,15.445,1.497,4.179,"S","J"],[67.631,-9.468,-1386.611,-0.991,0,0.131,0,1,0,-0.131,0,-0.991,15.445,-1.773,4.179,"S","J"],[67.888,-9.531,-1386.541,-0.991,0,0.131,0,1,0,-0.131,0,-0.991,15.445,-5.043,4.179,"S","J"],[68.146,-9.649,-1386.471,-0.991,0,0.131,0,1,0,-0.131,0,-0.991,15.445,-8.313,4.179,"S","J"],[68.403,-9.822,-1386.401,-0.991,0,0.131,0,1,0,-0.131,0,-0.991,15.445,-11.583,4.179,"S","J"],[68.66,-10.049,-1386.331,-0.991,0,0.131,0,1,0,-0.131,0,-0.991,15.445,-14.853,4.179,"S","J"],[68.918,-10.331,-1386.261,-0.991,0,0.131,0,1,0,-0.131,0,-0.991,15.445,-18.123,4.179,"S","J"],[69.175,-10.667,-1386.192,-0.991,0,0.131,0,1,0,-0.131,0,-0.991,15.445,-21.393,4.179,"S","J"],[69.433,-11.057,-1386.122,-0.992,0,0.126,0,1,0,-0.126,0,-0.992,15.445,-24.663,4.179,"S","J"],[69.69,-11.503,-1386.053,-0.996,0,0.09,0,1,0,-0.09,0,-0.996,15.463,-27.933,4.11,"S","J"],[69.95,-11.571,-1385.993,-0.992,0,0.123,0,1,0,-0.123,0,-0.992,15.584,-0.552,3.552,7,"J"],[70.212,-11.572,-1385.947,-0.998,0,0.064,0,1,0,-0.064,0,-0.998,15.769,-0.011,2.635,"S","J"],["s","v",8,"J"],[70.461,-11.673,-1385.994,-0.91,0,-0.415,0,1,0,0.415,0,-0.91,14.659,-7.701,-4.839,"S","J"],[70.702,-11.835,-1386.085,-0.927,0,-0.374,0,1,0,0.374,0,-0.927,14.405,-10.971,-5.514,"S","J"],[70.947,-12.052,-1386.18,-0.931,0,-0.364,0,1,0,0.364,0,-0.931,14.752,-14.241,-5.738,"S","J"],[71.193,-12.324,-1386.276,-0.934,0,-0.359,0,1,0,0.359,0,-0.934,14.758,-17.511,-5.742,"S","J"],[71.439,-12.649,-1386.371,-0.935,0,-0.354,0,1,0,0.354,0,-0.935,14.759,-20.781,-5.742,"S","J"],[71.685,-13.03,-1386.467,-0.94,0,-0.341,0,1,0,0.341,0,-0.94,14.759,-24.051,-5.742,"S",1],[71.931,-12.157,-1386.563,-0.952,0,-0.307,0,1,0,0.307,0,-0.952,14.759,51.365,-5.742,3,"J"],[72.184,-11.335,-1386.647,-0.947,0,-0.321,0,1,0,0.321,0,-0.947,15.218,48.095,-4.929,5,"J"],[72.442,-10.567,-1386.713,-0.95,0,-0.313,0,1,0,0.313,0,-0.95,15.551,44.825,-3.758,"S","J"],[72.772,-9.684,-1386.797,-0.994,0,0.11,0,1,-0.001,-0.11,-0.001,-0.994,15.231,40.738,-1.053,"S","J"],[72.962,-9.196,-1386.795,-0.982,0,0.19,0,1,-0.001,-0.19,0,-0.982,15.28,38.285,0.722,"S","J"],[73.217,-8.592,-1386.758,-0.986,0,0.167,0,1,0,-0.167,0,-0.986,15.307,35.015,3.094,"S","J"],[73.472,-8.042,-1386.686,-0.985,0,0.171,0,1,0,-0.171,0,-0.985,15.284,31.745,4.661,"S","J"],[73.727,-7.547,-1386.607,-0.982,0,0.189,0,1,0,-0.189,0,-0.982,15.264,28.475,4.79,"S","J"],[73.98,-7.107,-1386.523,-0.977,0,0.215,0,1,0,-0.215,0,-0.977,15.176,25.205,5.064,"S","J"],[74.231,-6.721,-1386.433,-0.969,0,0.246,0,1,0,-0.246,0,-0.969,15.033,21.935,5.472,"S","J"],[74.479,-6.389,-1386.335,-0.958,0,0.286,0,1,0,-0.286,0,-0.958,14.853,18.665,5.946,"S","J"],[74.723,-6.112,-1386.227,-0.949,0,0.316,0,1,0,-0.316,0,-0.949,14.598,15.395,6.544,"S","J"],[74.963,-5.89,-1386.111,-0.944,0,0.329,0,1,0,-0.329,0,-0.944,14.382,12.125,7.007,"S","J"],[75.201,-5.721,-1385.992,-0.943,0,0.333,0,1,0,-0.333,0,-0.943,14.282,8.855,7.208,"S","J"],[75.439,-5.608,-1385.87,-0.941,0,0.337,0,1,0,-0.337,0,-0.941,14.248,5.585,7.275,"S",0],[75.686,-5.549,-1385.831,-0.913,0.001,0.407,0,1,-0.002,-0.407,-0.002,-0.913,14.54,2.315,5.296,"S","J"],[75.988,-5.552,-1385.768,-0.923,0.001,0.386,0,1,-0.001,-0.386,-0.001,-0.923,14.579,-1.772,5.154,"S","J"],[76.169,-5.594,-1385.723,-0.89,0.001,0.455,0,1,-0.001,-0.455,-0.001,-0.89,14.452,-4.225,4.907,"S","J"],[76.407,-5.699,-1385.65,-0.905,0,0.425,0,1,0,-0.425,0,-0.905,14.557,-7.495,5.131,"S","J"],[76.642,-5.858,-1385.541,-0.903,0,0.43,0,1,0,-0.43,0,-0.903,13.846,-10.765,7.397,"S","J"],[76.881,-6.071,-1385.466,-0.903,0,0.429,0,1,-0.001,-0.429,-0.001,-0.903,14.545,-14.035,5.333,"S","J"],[77.121,-6.339,-1385.394,-0.903,0,0.429,0,1,0,-0.429,0,-0.903,14.568,-17.305,5.181,"S","J"],[77.356,-6.662,-1385.284,-0.897,0,0.442,0,1,0,-0.442,0,-0.897,13.829,-20.575,7.44,"S","J"],[77.596,-7.039,-1385.211,-0.891,0,0.453,0,1,-0.001,-0.453,-0.001,-0.891,14.503,-23.845,5.323,"S","J"],[77.836,-7.47,-1385.143,-0.889,0,0.458,0,1,-0.001,-0.458,-0.001,-0.889,14.478,-27.115,5.157,"S","J"],[78.069,-7.956,-1385.034,-0.889,0,0.458,0,1,0,-0.458,0,-0.889,13.714,-30.385,7.406,"S","J"],[78.304,-8.497,-1384.952,-0.889,0,0.458,0,1,0,-0.458,0,-0.889,14.432,-33.655,5.292,"S","J"],[78.536,-9.092,-1384.84,-0.889,0,0.458,0,1,0,-0.458,0,-0.889,13.668,-36.925,7.546,"S","J"],[78.772,-9.741,-1384.761,-0.889,0,0.458,0,1,0,-0.458,0,-0.889,14.423,-40.195,5.306,"S","J"],["s","v","S","J"],["s","v","S","J"],[78.961,-10.264,-1384.7,-0.966,0,0.258,0,1,0,-0.258,0,-0.966,15.251,-42.647,4.699,"S","J"],[79.213,-11.009,-1384.616,-0.976,0,0.218,0,1,0,-0.218,0,-0.976,15.152,-45.917,5.129,"S","J"],[79.527,-12.017,-1384.504,-0.979,0,0.202,0,1,0,-0.202,0,-0.979,15.056,-50.005,5.408,"S","J"],[79.714,-12.662,-1384.433,-0.963,0,0.27,0,1,0,-0.27,0,-0.963,14.936,-52.457,5.732,"S","J"],[80.025,-13.806,-1384.312,-0.978,0,0.21,0,1,0,-0.21,0,-0.978,14.902,-56.545,5.817,"S","J"],[80.295,-13.946,-1384.207,-0.876,0,0.482,0,1,0,-0.482,0,-0.876,11.771,-0.419,4.545,12,"J"],["s","v","S",1],[80.998,-13.168,-1384.774,-0.774,0,0.633,0,1,0,-0.633,0,-0.774,42.22,45.455,-34.037,3,"J"],[81.714,-12.445,-1385.302,-0.836,0,0.549,0,1,0,-0.549,0,-0.836,42.915,42.185,-30.698,5,"J"],[82.418,-11.776,-1385.794,-0.855,0,0.518,0,1,0,-0.518,0,-0.855,41.828,38.915,-28.949,"S","J"],[83.269,-11.016,-1386.372,-0.874,0,0.485,0,1,0,-0.485,0,-0.874,40.207,34.827,-27,"S","J"],[83.763,-10.601,-1386.699,-0.845,0,0.534,0,1,0,-0.534,0,-0.845,39.226,32.375,-25.84,"S","J"],[84.403,-10.096,-1387.113,-0.863,0,0.506,0,1,0,-0.506,0,-0.863,37.907,29.105,-24.302,"S","J"],[85.172,-9.54,-1387.595,-0.879,0,0.477,0,1,0,-0.477,0,-0.879,36.254,25.017,-22.382,"S","J"],[85.762,-9.158,-1387.951,-0.863,0,0.506,0,1,0,-0.506,0,-0.863,34.939,21.747,-20.84,"S","J"],[86.33,-8.829,-1388.282,-0.863,0,0.506,0,1,0,-0.506,0,-0.863,33.627,18.477,-19.297,"S","J"],[87.007,-8.495,-1388.655,-0.998,0,-0.066,0,1,0,0.066,0,-0.998,31.714,14.39,-17.01,"S","J"],[87.394,-8.336,-1388.856,-1,0,-0.013,0,1,0,0.013,0,-1,30.557,11.937,-15.647,"S","J"],[87.887,-8.171,-1389.098,-0.997,0,-0.073,0,1,0,0.073,0,-0.997,29.002,8.667,-13.839,"S","J"],[88.354,-8.061,-1389.31,-0.992,0,-0.123,0,1,0,0.123,0,-0.992,27.424,5.397,-12.051,"S","J"],[88.794,-8.005,-1389.493,-0.983,0,-0.181,0,1,0,0.181,0,-0.983,25.793,2.127,-10.311,"S","J"],[89.206,-8.003,-1389.648,-0.972,0,-0.234,0,1,0,0.234,0,-0.972,24.08,-1.143,-8.652,"S","J"],[89.588,-8.056,-1389.776,-0.958,0,-0.287,0,1,0,0.287,0,-0.958,22.267,-4.413,-7.102,"S","J"],[90.022,-8.199,-1389.902,-0.936,0,-0.353,0,1,0,0.353,0,-0.936,19.832,-8.5,-5.382,"S","J"],[90.257,-8.326,-1389.962,-0.954,0,-0.298,0,1,0,0.298,0,-0.954,18.265,-10.953,-4.518,"S","J"],[90.605,-8.605,-1390.041,-0.932,0,-0.361,0,1,0,0.361,0,-0.932,15.837,-15.04,-3.327,"S","J"],[90.866,-8.89,-1390.095,-0.944,0,-0.33,0,1,0,0.33,0,-0.944,15.669,-18.31,-3.244,"S","J"],[91.129,-9.229,-1390.138,-0.948,0,-0.317,0,1,0,0.317,0,-0.948,15.806,-21.58,-2.469,"S","J"],[91.391,-9.623,-1390.187,-0.939,0,-0.343,0,1,0,0.343,0,-0.939,15.711,-24.85,-3.014,"S","J"],["s","v","S",0],[91.65,-10.071,-1390.251,-0.941,0,-0.338,0,1,0,0.338,0,-0.941,15.493,-28.12,-3.989,"S","J"],[91.908,-10.574,-1390.318,-0.931,0,-0.364,0,1,0,0.364,0,-0.931,15.488,-31.39,-4.011,"S","J"],[92.167,-11.131,-1390.383,-0.936,0,-0.351,0,1,0,0.351,0,-0.936,15.523,-34.66,-3.874,"S","J"],[92.427,-11.743,-1390.443,-0.944,0,-0.33,0,1,0,0.33,0,-0.944,15.59,-37.93,-3.594,"S","J"],[92.688,-12.409,-1390.498,-0.95,0,-0.313,0,1,0,0.313,0,-0.95,15.667,-41.2,-3.241,"S","J"],[92.95,-13.13,-1390.548,-0.955,0,-0.296,0,1,0,0.296,0,-0.955,15.724,-44.47,-2.955,"S","J"],[93.278,-14.108,-1390.604,-0.948,0,-0.319,0,1,0,0.319,0,-0.948,15.775,-48.558,-2.665,"S","J"],[93.452,-14.227,-1390.633,-0.984,0,-0.176,0,1,0,0.176,0,-0.984,8.646,-0.96,-1.381,7,"J"],["s","v",8,"J"],[93.683,-14.332,-1390.659,-0.995,0,-0.103,0,1,0,0.103,0,-0.995,15.425,-7.852,-1.618,"S","J"],[93.854,-14.351,-1390.677,-0.995,0,-0.103,0,1,0,0.103,0,-0.995,8.758,-0.155,-0.909,"S","J"],[93.997,-14.351,-1390.691,-0.995,0,-0.103,0,1,0,0.103,0,-0.995,8.511,-0.003,-0.883,"S","J"],[94.139,-14.351,-1390.706,-0.995,0,-0.103,0,1,0,0.103,0,-0.995,8.506,0,-0.882,"S","J"],[94.343,-14.385,-1390.727,-0.997,0,-0.081,0,1,0,0.081,0,-0.997,12.942,-3.27,-1.342,"S","J"],[94.56,-14.474,-1390.745,-0.999,0,-0.053,0,1,0,0.053,0,-0.999,13.052,-6.54,-1.061,"S","J"],["s","v","S","J"],[94.848,-14.661,-1390.686,-0.976,0,0.219,0,1,0,-0.219,0,-0.976,13.908,-10.628,3.455,"S",1],[95.022,-14.002,-1390.643,-0.968,0,0.251,0,1,0,-0.251,0,-0.968,13.908,52.182,3.455,3,"J"],[95.273,-13.167,-1390.58,-0.988,0,0.156,0,1,0,-0.156,0,-0.988,15.453,48.912,3.88,5,"J"],[95.532,-12.385,-1390.515,-0.993,0,0.118,0,1,0,-0.118,0,-0.993,15.517,45.642,3.897,"S","J"],[95.79,-11.659,-1390.45,-0.994,0,0.113,0,1,0,-0.113,0,-0.994,15.518,42.372,3.898,"S","J"],[96.113,-10.827,-1390.369,-0.997,0,0.079,0,1,0,-0.079,0,-0.997,15.518,38.285,3.898,"S","J"],[96.307,-10.369,-1390.32,-0.989,0,0.146,0,1,0,-0.146,0,-0.989,15.518,35.832,3.898,"S","J"],[96.566,-9.806,-1390.255,-0.994,0,0.113,0,1,0,-0.113,0,-0.994,15.518,32.562,3.898,"S","J"],[96.821,-9.297,-1390.177,-0.984,0,0.175,0,1,0,-0.175,0,-0.984,15.247,29.292,4.844,"S","J"],[97.075,-8.843,-1390.096,-0.984,0,0.175,0,1,0,-0.175,0,-0.984,15.241,26.022,4.865,"S","J"],[97.329,-8.443,-1390.015,-0.984,0,0.18,0,1,0,-0.18,0,-0.984,15.241,22.752,4.865,"S","J"],[97.583,-8.098,-1389.932,-0.984,0,0.18,0,1,0,-0.18,0,-0.984,15.219,19.482,4.933,"S","J"],[97.836,-7.808,-1389.85,-0.984,0,0.18,0,1,0,-0.18,0,-0.984,15.219,16.212,4.934,"S","J"],[98.09,-7.571,-1389.768,-0.984,0,0.18,0,1,0,-0.18,0,-0.984,15.219,12.942,4.934,"S","J"],[98.344,-7.39,-1389.685,-0.984,0,0.18,0,1,0,-0.18,0,-0.984,15.219,9.672,4.934,"S","J"],[98.597,-7.263,-1389.603,-0.982,0,0.189,0,1,0,-0.189,0,-0.982,15.219,6.402,4.934,"S","J"],[98.85,-7.19,-1389.519,-0.981,0,0.193,0,1,0,-0.193,0,-0.981,15.174,3.132,5.069,"S","J"],[99.103,-7.172,-1389.433,-0.98,0,0.198,0,1,0,-0.198,0,-0.98,15.151,-0.138,5.14,"S","J"],[99.355,-7.208,-1389.346,-0.978,0,0.207,0,1,0,-0.207,0,-0.978,15.127,-3.408,5.208,"S","J"],[99.606,-7.299,-1389.258,-0.977,0,0.211,0,1,0,-0.211,0,-0.977,15.08,-6.678,5.344,"S","J"],[99.857,-7.444,-1389.168,-0.976,0,0.22,0,1,0,-0.22,0,-0.976,15.055,-9.948,5.414,"S","J"],[100.17,-7.703,-1389.052,-0.981,0,0.192,0,1,0,-0.192,0,-0.981,15.005,-14.035,5.55,"S","J"],[100.357,-7.899,-1388.982,-0.963,0,0.27,0,1,0,-0.27,0,-0.963,14.981,-16.488,5.616,"S","J"],[100.606,-8.207,-1388.886,-0.97,0,0.242,0,1,0,-0.242,0,-0.97,14.902,-19.758,5.819,"S","J"],[100.854,-8.571,-1388.788,-0.969,0,0.246,0,1,0,-0.246,0,-0.969,14.876,-23.028,5.889,"S","J"],[101.101,-8.989,-1388.689,-0.969,0,0.246,0,1,0,-0.246,0,-0.969,14.849,-26.298,5.957,"S","J"],[101.411,-9.588,-1388.564,-0.977,0,0.214,0,1,0,-0.214,0,-0.977,14.847,-30.385,5.958,"S","J"],["s","v","S",0],[101.725,-10.272,-1388.454,-0.959,0,0.284,0,1,0,-0.284,0,-0.959,15.126,-34.473,5.212,"S","J"],[101.909,-10.723,-1388.375,-0.896,0,0.443,0,1,0,-0.443,0,-0.896,14.488,-36.925,6.753,"S",1],[102.197,-11.543,-1388.208,-0.892,0,0.453,0,1,0,-0.453,0,-0.892,13.588,-41.013,8.44,"S","J"],[102.36,-12.077,-1388.093,-0.838,0,0.546,0,1,0,-0.546,0,-0.838,12.929,-43.465,9.417,"S","J"],[102.569,-12.835,-1387.928,-0.834,0,0.552,0,1,0,-0.552,0,-0.834,12.486,-46.735,10.002,"S","J"],[102.771,-13.648,-1387.754,-0.808,0,0.589,0,1,0,-0.589,0,-0.808,12.066,-50.005,10.505,"S","J"],[102.965,-14.515,-1387.571,-0.783,0,0.622,0,1,0,-0.622,0,-0.783,11.578,-53.275,11.04,"S","J"],[103.151,-15.437,-1387.38,-0.769,0,0.639,0,1,0,-0.639,0,-0.769,11.117,-56.545,11.505,"S","J"],[103.358,-16.414,-1387.212,-0.793,0,0.609,0,1,0,-0.609,0,-0.793,12.619,-59.815,9.831,8,0],["s","v","S","J"],[103.515,-17.104,-1387,-0.436,0,0.9,0,1,0,-0.9,0,-0.436,8.646,-12.607,13.432,"S","J"],[103.639,-17.036,-1386.764,-0.377,0,0.926,0,1,0,-0.926,0,-0.377,7.296,7.916,14.237,"S","J"],[103.745,-16.911,-1386.519,-0.337,0,0.942,0,1,0,-0.942,0,-0.337,6.171,6.647,14.761,"S","J"],["s","v","S","J"],[103.798,-16.829,-1386.259,-0.199,0,0.98,0,1,0,-0.98,0,-0.199,2.738,3.989,15.756,"S","J"],[103.842,-16.782,-1385.996,-0.168,0,0.986,0,1,0,-0.986,0,-0.168,2.67,2.231,15.776,"S","J"],[103.887,-16.756,-1385.733,-0.167,0,0.986,0,1,0,-0.986,0,-0.167,2.668,1.224,15.776,"S","J"],[103.931,-16.741,-1385.471,-0.162,0,0.987,0,1,0,-0.987,0,-0.162,2.668,0.668,15.776,"S","J"],[103.975,-16.734,-1385.207,-0.162,0,0.987,0,1,0,-0.987,0,-0.162,2.598,0.364,15.788,"S","J"],[104.018,-16.73,-1384.944,-0.162,0,0.987,0,1,0,-0.987,0,-0.162,2.597,0.198,15.788,"S","J"],[104.061,-16.727,-1384.681,-0.162,0,0.987,0,1,0,-0.987,0,-0.162,2.597,0.108,15.788,"S","J"],["s","v","S",1],[104.105,-15.864,-1384.418,-0.144,0,0.99,0,1,0,-0.99,0,-0.144,2.597,50.547,15.788,3,"J"],[104.144,-15.056,-1384.154,-0.235,0,0.972,0,1,0,-0.972,0,-0.235,2.315,47.277,15.832,5,"J"],[104.182,-14.302,-1383.891,-0.261,0,0.965,0,1,0,-0.965,0,-0.261,2.31,44.007,15.832,"S","J"],[104.219,-13.603,-1383.626,-0.252,0,0.968,0,1,0,-0.968,0,-0.252,2.169,40.737,15.852,"S","J"],[104.252,-12.958,-1383.362,-0.244,0,0.97,0,1,0,-0.97,0,-0.244,1.954,37.467,15.88,"S","J"],[104.282,-12.367,-1383.097,-0.231,0,0.973,0,1,0,-0.973,0,-0.231,1.809,34.197,15.897,"S","J"],[104.309,-11.831,-1382.832,-0.222,0,0.975,0,1,0,-0.975,0,-0.222,1.594,30.927,15.92,"S","J"],[104.334,-11.35,-1382.566,-0.213,0,0.977,0,1,0,-0.977,0,-0.213,1.448,27.657,15.934,"S","J"],[104.356,-10.923,-1382.3,-0.195,0,0.981,0,1,0,-0.981,0,-0.195,1.303,24.387,15.947,"S","J"],[104.353,-10.551,-1382.035,-0.051,0,0.999,0,1,0,-0.999,0,-0.051,-0.993,21.117,15.945,"S","J"],[104.332,-10.233,-1381.769,-0.051,0,0.999,0,1,0,-0.999,0,-0.051,-1.292,17.847,15.946,"S","J"],[104.31,-9.969,-1381.503,-0.051,0,0.999,0,1,0,-0.999,0,-0.051,-1.298,14.577,15.946,"S","J"],[104.289,-9.761,-1381.238,-0.051,0,0.999,0,1,0,-0.999,0,-0.051,-1.298,11.307,15.946,"S","J"],[104.267,-9.606,-1380.972,-0.051,0,0.999,0,1,0,-0.999,0,-0.051,-1.298,8.037,15.946,"S",0],[104.246,-9.506,-1380.707,-0.051,0,0.999,0,1,0,-0.999,0,-0.051,-1.298,4.767,15.946,"S","J"],[104.207,-9.461,-1380.443,0.03,0,1,0,1,0,-1,0,0.03,-2.564,1.497,15.791,"S","J"],[104.164,-9.47,-1380.18,0.03,0,1,0,1,0,-1,0,0.03,-2.601,-1.773,15.786,"S","J"],[104.12,-9.534,-1379.917,0.03,0,1,0,1,0,-1,0,0.03,-2.602,-5.043,15.786,"S","J"],[104.077,-9.652,-1379.653,0.03,0,1,0,1,0,-1,0,0.03,-2.602,-8.313,15.786,"S","J"],["s","v","S","J"],[104.058,-9.824,-1379.39,-0.205,0,0.979,0,1,0,-0.979,0,-0.205,-0.208,-11.583,15.844,"S","J"],[104.077,-10.051,-1379.125,-0.236,0,0.972,0,1,0,-0.972,0,-0.236,1.64,-14.853,15.899,"S","J"],[104.106,-10.333,-1378.86,-0.235,0,0.972,0,1,0,-0.972,0,-0.235,1.745,-18.123,15.902,"S","J"],[104.134,-10.669,-1378.595,-0.231,0,0.973,0,1,0,-0.973,0,-0.231,1.677,-21.393,15.91,"S","J"],[104.161,-11.06,-1378.33,-0.231,0,0.973,0,1,0,-0.973,0,-0.231,1.605,-24.663,15.917,"S","J"],[104.188,-11.505,-1378.065,-0.226,0,0.974,0,1,0,-0.974,0,-0.226,1.604,-27.933,15.918,"S","J"],[104.213,-12.004,-1377.799,-0.222,0,0.975,0,1,0,-0.975,0,-0.222,1.533,-31.203,15.925,"S","J"],[104.244,-12.706,-1377.467,-0.254,0,0.967,0,1,0,-0.967,0,-0.254,1.459,-35.29,15.931,"S","J"],[104.268,-12.792,-1377.206,-0.124,0,0.992,0,1,0,-0.992,0,-0.124,1.411,-0.698,15.59,7,"J"],[104.285,-12.794,-1377.016,-0.087,0,0.996,0,1,0,-0.996,0,-0.087,1.376,-0.037,15.18,"S","J"],[104.298,-12.794,-1376.866,-0.086,0,0.996,0,1,0,-0.996,0,-0.086,0.51,-0.001,5.85,"S","J"],[104.312,-12.794,-1376.709,-0.081,0,0.997,0,1,0,-0.997,0,-0.081,0.667,0,7.75,8,"J"],[104.315,-12.794,-1376.531,-0.013,0,1,0,1,0,-1,0,-0.013,0.159,0,11.119,"S","J"],[104.318,-12.794,-1376.344,-0.013,0,1,0,1,0,-1,0,-0.013,0.149,0,11.185,"S","J"],[104.321,-12.894,-1376.099,-0.009,0,1,0,1,0,-1,0,-0.009,0.202,-7.699,15.217,"S","J"],[104.324,-13.057,-1375.844,-0.004,0,1,0,1,0,-1,0,-0.004,0.135,-10.969,15.299,"S","J"],[104.325,-13.274,-1375.59,0,0,1,0,1,0,-1,0,0,0.066,-14.239,15.302,"S","J"],[104.325,-13.545,-1375.345,0,0,1,0,1,0,-1,0,0,-0.004,-17.509,14.58,"S","J"],[104.325,-13.848,-1375.102,0.009,0,1,0,1,0,-1,0,0.009,-0.005,-15.374,14.566,"S","J"],[104.323,-13.94,-1374.92,0.018,0,1,0,1,0,-1,0,0.018,-0.13,-4.153,14.548,"S","J"],[104.319,-14.038,-1374.678,0.023,0,1,0,1,0,-1,0,0.023,-0.266,-6.569,14.529,"S","J"],[104.314,-14.167,-1374.425,0.037,0,0.999,0,1,0,-0.999,0,0.037,-0.351,-6.287,15.291,"S","J"],[104.306,-14.306,-1374.198,0.05,0,0.999,0,1,0,-0.999,0,0.05,-0.485,-9.557,13.333,"S","J"],[104.295,-14.499,-1373.978,0.068,0,0.998,0,1,0,-0.998,0,0.068,-0.661,-12.827,13.218,"S","J"],[104.281,-14.708,-1373.759,0.082,0,0.997,0,1,0,-0.997,0,0.082,-0.894,-7.631,13.112,"S","J"],[104.259,-14.893,-1373.487,0.095,0,0.995,0,1,0,-0.995,0,0.095,-1.07,-5.643,13.029,"S","J"],[104.246,-14.984,-1373.343,0.109,0,0.994,0,1,0,-0.994,0,0.109,-1.077,-8.095,11.327,"S","J"],["s","v","S","J"],[104.199,-15.153,-1373.183,0.317,0,0.948,0,1,0,-0.948,0,0.317,-3.023,-11.365,9.344,"S","J"],["s","v","S","J"],[104.138,-15.377,-1373.04,0.372,0,0.928,0,1,0,-0.928,0,0.372,-3.788,-14.635,8.481,"S","J"],[104.075,-15.655,-1372.899,0.406,0,0.914,0,1,0,-0.914,0,0.406,-3.803,-17.905,8.464,"S",1],["s","v","S","J"],[104.011,-14.605,-1372.757,0.493,0,0.87,0,1,0,-0.87,0,0.493,-3.803,61.965,8.464,3,"J"],[103.928,-13.606,-1372.602,0.493,0,0.87,0,1,0,-0.87,0,0.493,-5.729,58.695,9.868,5,"J"],[103.812,-12.662,-1372.422,0.493,0,0.87,0,1,0,-0.87,0,0.493,-7.655,55.425,11.272,"S","J"],[103.665,-11.772,-1372.22,0.493,0,0.87,0,1,0,-0.87,0,0.493,-9.458,52.155,12.587,"S","J"],[103.504,-10.937,-1372.008,0.493,0,0.87,0,1,0,-0.87,0,0.493,-9.669,48.885,12.741,"S","J"],[103.343,-10.156,-1371.796,0.493,0,0.87,0,1,0,-0.87,0,0.493,-9.673,45.615,12.744,"S","J"],[103.182,-9.43,-1371.583,0.493,0,0.87,0,1,0,-0.87,0,0.493,-9.673,42.345,12.745,"S","J"],[103.021,-8.758,-1371.371,0.493,0,0.87,0,1,0,-0.87,0,0.493,-9.674,39.075,12.745,"S","J"],[102.859,-8.141,-1371.159,0.493,0,0.87,0,1,0,-0.87,0,0.493,-9.674,35.805,12.745,"S","J"],[102.698,-7.579,-1370.946,0.493,0,0.87,0,1,0,-0.87,0,0.493,-9.674,32.535,12.745,"S","J"],[102.537,-7.07,-1370.734,0.493,0,0.87,0,1,0,-0.87,0,0.493,-9.674,29.265,12.745,"S","J"],[102.376,-6.617,-1370.521,0.493,0,0.87,0,1,0,-0.87,0,0.493,-9.674,25.995,12.745,"S","J"],[102.215,-6.218,-1370.309,0.493,0,0.87,0,1,0,-0.87,0,0.493,-9.674,22.725,12.745,"S","J"],[102.053,-5.873,-1370.097,0.493,0,0.87,0,1,0,-0.87,0,0.493,-9.674,19.455,12.745,"S","J"],[101.892,-5.583,-1369.884,0.493,0,0.87,0,1,0,-0.87,0,0.493,-9.674,16.185,12.745,"S","J"],[101.691,-5.297,-1369.619,0.464,0,0.886,0,1,0,-0.886,0,0.464,-9.674,12.097,12.745,"S","J"],[101.57,-5.166,-1369.459,0.526,0,0.851,0,1,0,-0.851,0,0.526,-9.674,9.645,12.745,"S","J"],[101.408,-5.039,-1369.247,0.497,0,0.868,0,1,0,-0.868,0,0.497,-9.73,6.375,12.701,"S","J"],[101.205,-4.957,-1368.983,0.468,0,0.884,0,1,0,-0.884,0,0.468,-9.731,2.287,12.701,"S","J"],[101.043,-4.953,-1368.771,0.497,0,0.868,0,1,0,-0.868,0,0.497,-9.731,-0.983,12.701,"S","J"],[100.921,-4.986,-1368.612,0.53,0,0.848,0,1,0,-0.848,0,0.53,-9.731,-3.435,12.701,"S","J"],[100.758,-5.077,-1368.401,0.501,0,0.865,0,1,0,-0.865,0,0.501,-9.788,-6.705,12.657,"S","J"],[100.595,-5.223,-1368.19,0.505,0,0.863,0,1,0,-0.863,0,0.505,-9.789,-9.975,12.656,"S","J"],[100.431,-5.423,-1367.979,0.509,0,0.861,0,1,0,-0.861,0,0.509,-9.845,-13.245,12.613,"S","J"],[100.266,-5.678,-1367.77,0.517,0,0.856,0,1,0,-0.856,0,0.517,-9.902,-16.515,12.568,"S","J"],[100.099,-5.988,-1367.562,0.529,0,0.849,0,1,0,-0.849,0,0.529,-10.015,-19.785,12.478,"S","J"],[99.915,-6.351,-1367.369,0.628,0,0.778,0,1,0,-0.778,0,0.628,-11.502,-23.055,11.106,"S","J"],[99.722,-6.77,-1367.186,0.628,0,0.778,0,1,0,-0.778,0,0.628,-11.605,-26.325,11.012,"S","J"],[99.529,-7.243,-1367.002,0.628,0,0.778,0,1,0,-0.778,0,0.628,-11.607,-29.595,11.01,"S","J"],[99.335,-7.77,-1366.818,0.628,0,0.778,0,1,0,-0.778,0,0.628,-11.607,-32.865,11.01,"S","J"],[99.142,-8.352,-1366.634,0.628,0,0.778,0,1,0,-0.778,0,0.628,-11.607,-36.135,11.01,"S","J"],[98.948,-8.988,-1366.451,0.628,0,0.778,0,1,0,-0.778,0,0.628,-11.607,-39.405,11.01,"S","J"],[98.755,-9.679,-1366.267,0.628,0,0.778,0,1,0,-0.778,0,0.628,-11.607,-42.675,11.01,"S","J"],[98.513,-10.619,-1366.037,0.602,0,0.798,0,1,0,-0.798,0,0.602,-11.607,-46.763,11.01,"S","J"],[98.368,-11.224,-1365.9,0.654,0,0.757,0,1,0,-0.757,0,0.654,-11.607,-49.215,11.011,"S","J"],[98.174,-12.078,-1365.716,0.628,0,0.778,0,1,0,-0.778,0,0.628,-11.607,-52.485,11.01,"S","J"],[97.981,-12.987,-1365.532,0.628,0,0.778,0,1,0,-0.778,0,0.628,-11.607,-55.755,11.01,"S",0],["s","v","S",1],[97.778,-13.95,-1365.371,0.993,0,0.115,0,1,0,-0.115,0,0.993,-12.537,-59.025,8.834,"S","J"],[97.559,-14.968,-1365.247,0.991,0,0.133,0,1,0,-0.133,0,0.991,-13.439,-62.295,6.63,"S","J"],[97.326,-16.041,-1365.16,0.994,0,0.11,0,1,0,-0.11,0,0.994,-14.306,-65.565,4.411,"S","J"],[97.065,-17.026,-1365.15,1,0,-0.011,0,1,0,0.011,0,1,-15.952,-34.893,-0.237,7,"J"],[96.799,-17.067,-1365.161,0.998,0,-0.061,0,1,0,0.061,0,0.998,-15.983,6.103,-0.711,"S","J"],[96.533,-16.939,-1365.177,0.997,0,-0.076,0,1,0,0.076,0,0.997,-15.968,7.292,-1.004,8,"J"],[96.267,-15.89,-1365.194,0.996,0,-0.09,0,1,0,0.09,0,0.996,-15.968,61.965,-1.004,5,"J"],[96,-14.891,-1365.209,0.999,0,0.033,0,1,0,-0.033,0,0.999,-15.972,58.695,-0.928,"S","J"],[95.734,-13.947,-1365.225,0.998,0,0.07,0,1,0,-0.07,0,0.998,-15.972,55.425,-0.926,"S","J"],[95.468,-13.057,-1365.24,0.997,0,0.074,0,1,0,-0.074,0,0.997,-15.971,52.155,-0.926,"S","J"],[95.202,-12.222,-1365.256,0.997,0,0.074,0,1,0,-0.074,0,0.997,-15.971,48.885,-0.926,"S","J"],[94.936,-11.441,-1365.271,0.997,0,0.075,0,1,0,-0.075,0,0.997,-15.971,45.615,-0.926,"S","J"],[94.603,-10.542,-1365.29,0.994,0,0.108,0,1,0,-0.108,0,0.994,-15.972,41.527,-0.926,"S","J"],[94.403,-10.043,-1365.302,0.999,0,0.041,0,1,0,-0.041,0,0.999,-15.971,39.075,-0.926,"S","J"],[94.137,-9.426,-1365.317,0.997,0,0.075,0,1,0,-0.075,0,0.997,-15.971,35.805,-0.926,"S","J"],[93.871,-8.863,-1365.333,0.997,0,0.075,0,1,0,-0.075,0,0.997,-15.971,32.535,-0.926,"S","J"],[93.605,-8.355,-1365.348,0.997,0,0.075,0,1,0,-0.075,0,0.997,-15.971,29.265,-0.926,"S","J"],[93.338,-7.901,-1365.363,0.997,0,0.075,0,1,0,-0.075,0,0.997,-15.971,25.995,-0.926,"S","J"],[93.072,-7.502,-1365.379,0.997,0,0.075,0,1,0,-0.075,0,0.997,-15.971,22.725,-0.926,"S","J"],[92.806,-7.158,-1365.394,0.997,0,0.075,0,1,0,-0.075,0,0.997,-15.971,19.455,-0.926,"S","J"],[92.54,-6.867,-1365.409,0.997,0,0.075,0,1,0,-0.075,0,0.997,-15.971,16.185,-0.926,"S","J"],[92.274,-6.632,-1365.425,0.997,0,0.075,0,1,0,-0.075,0,0.997,-15.971,12.915,-0.926,"S","J"],[92.007,-6.451,-1365.44,0.997,0,0.075,0,1,0,-0.075,0,0.997,-15.971,9.645,-0.926,"S","J"],[91.741,-6.324,-1365.456,0.997,0,0.075,0,1,0,-0.075,0,0.997,-15.971,6.375,-0.926,"S","J"],[91.475,-6.252,-1365.471,0.997,0,0.075,0,1,0,-0.075,0,0.997,-15.971,3.105,-0.926,"S","J"],[91.209,-6.234,-1365.486,0.997,0,0.075,0,1,0,-0.075,0,0.997,-15.971,-0.165,-0.926,"S","J"],[90.943,-6.271,-1365.502,0.997,0,0.075,0,1,0,-0.075,0,0.997,-15.971,-3.435,-0.926,"S","J"],[90.676,-6.362,-1365.517,0.997,0,0.075,0,1,0,-0.075,0,0.997,-15.971,-6.705,-0.926,"S","J"],[90.41,-6.508,-1365.532,0.997,0,0.075,0,1,0,-0.075,0,0.997,-15.971,-9.975,-0.926,"S","J"],[90.144,-6.708,-1365.548,0.997,0,0.075,0,1,0,-0.075,0,0.997,-15.971,-13.245,-0.926,"S","J"],[89.878,-6.963,-1365.563,0.997,0,0.075,0,1,0,-0.075,0,0.997,-15.971,-16.515,-0.926,"S","J"],[89.618,-7.003,-1365.578,1,0,-0.024,0,1,0,0.024,0,1,-15.542,-0.327,-0.915,7,"J"],[89.384,-7.106,-1365.592,0.998,0,-0.056,0,1,0,0.056,0,0.998,-13.774,-7.751,-0.809,8,0],[89.222,-7.269,-1365.689,-0.374,0,0.927,0,1,0,-0.927,0,-0.374,-7.335,-11.021,-8.848,"S","J"],[89.134,-7.487,-1365.914,-0.445,0,0.895,0,1,0,-0.895,0,-0.445,-4.653,-14.291,-14.818,"S","J"],[89.031,-7.759,-1366.153,-0.494,0,0.87,0,1,0,-0.87,0,-0.494,-6.427,-17.561,-14.246,"S","J"],[88.907,-7.975,-1366.381,-0.583,0,0.813,0,1,0,-0.813,0,-0.583,-7.62,-4.323,-13.601,"S","J"],[88.76,-7.952,-1366.595,-0.69,0,0.724,0,1,0,-0.724,0,-0.69,-8.965,3.046,-12.699,"S","J"],[88.537,-7.897,-1366.84,-0.78,0,0.626,0,1,0,-0.626,0,-0.78,-10.925,2.128,-11.682,"S","J"],[88.39,-7.86,-1366.968,-0.829,0,0.559,0,1,0,-0.559,0,-0.829,-11.912,3.259,-9.901,"S","J"],[88.173,-7.815,-1367.119,-0.846,0,0.534,0,1,0,-0.534,0,-0.846,-13.202,2.356,-8.981,"S","J"],[87.93,-7.721,-1367.206,-0.963,0,0.271,0,1,0,-0.271,0,-0.963,-14.809,6.28,-4.497,"S","J"],[87.621,-7.615,-1367.298,-0.961,0,0.278,0,1,0,-0.278,0,-0.961,-14.85,4.646,-4.383,"S","J"],[87.436,-7.568,-1367.353,-0.959,0,0.283,0,1,0,-0.283,0,-0.959,-14.85,3.459,-4.382,"S","J"],[87.188,-7.497,-1367.426,-0.959,0,0.283,0,1,0,-0.283,0,-0.959,-14.85,4.411,-4.382,"S","J"],[86.941,-7.454,-1367.5,-0.959,0,0.283,0,1,0,-0.283,0,-0.959,-14.85,2.25,-4.382,"S","J"],[86.693,-7.412,-1367.573,-0.959,0,0.283,0,1,0,-0.283,0,-0.959,-14.85,2.74,-4.382,"S","J"],[86.446,-7.367,-1367.646,-0.959,0,0.283,0,1,0,-0.283,0,-0.959,-14.85,2.786,-4.382,"S","J"],[86.198,-7.332,-1367.719,-0.959,0,0.283,0,1,0,-0.283,0,-0.959,-14.85,2.119,-4.382,"S","J"],[85.951,-7.293,-1367.792,-0.959,0,0.283,0,1,0,-0.283,0,-0.959,-14.85,2.522,-4.382,"S","J"],[85.701,-7.258,-1367.866,-0.959,0,0.283,0,1,0,-0.283,0,-0.959,-14.977,1.447,-4.419,"S","J"],[85.453,-7.191,-1367.939,-0.959,0,0.283,0,1,0,-0.283,0,-0.959,-14.853,4.669,-4.383,"S","J"],[85.206,-7.121,-1368.013,-0.958,0,0.287,0,1,0,-0.287,0,-0.958,-14.85,4.062,-4.382,"S","J"],[84.959,-7.041,-1368.087,-0.958,0,0.287,0,1,0,-0.287,0,-0.958,-14.83,4.825,-4.448,"S","J"],[84.712,-6.967,-1368.161,-0.958,0,0.287,0,1,0,-0.287,0,-0.958,-14.829,4.319,-4.449,"S","J"],[84.464,-6.9,-1368.235,-0.958,0,0.287,0,1,0,-0.287,0,-0.958,-14.829,3.899,-4.449,"S","J"],[84.155,-6.818,-1368.328,-0.958,0,0.287,0,1,0,-0.287,0,-0.958,-14.829,3.894,-4.449,"S",1],[83.97,-6.159,-1368.384,-0.957,0,0.292,0,1,0,-0.292,0,-0.957,-14.829,52.182,-4.449,3,"J"],[83.716,-5.324,-1368.461,-0.92,0,0.391,0,1,0,-0.391,0,-0.92,-15.295,48.912,-4.663,5,"J"],[83.462,-4.543,-1368.542,-0.892,0,0.453,0,1,0,-0.453,0,-0.892,-15.24,45.642,-4.871,"S","J"],[83.21,-3.816,-1368.63,-0.875,0,0.485,0,1,0,-0.485,0,-0.875,-15.08,42.372,-5.347,"S","J"],[82.962,-3.144,-1368.726,-0.849,0,0.528,0,1,0,-0.528,0,-0.849,-14.903,39.102,-5.823,"S","J"],[82.718,-2.526,-1368.834,-0.827,0,0.562,0,1,0,-0.562,0,-0.827,-14.596,35.832,-6.554,"S","J"],[82.479,-1.963,-1368.951,-0.811,0,0.585,0,1,0,-0.585,0,-0.811,-14.315,32.562,-7.147,"S","J"],[82.243,-1.454,-1369.076,-0.803,0,0.596,0,1,0,-0.596,0,-0.803,-14.113,29.292,-7.538,"S",0],[82.009,-1,-1369.205,-0.801,0,0.599,0,1,0,-0.599,0,-0.801,-14.007,26.022,-7.733,"S","J"],[81.776,-0.601,-1369.334,-0.801,0,0.599,0,1,0,-0.599,0,-0.801,-13.97,22.752,-7.799,"S","J"],[81.543,-0.255,-1369.464,-0.801,0,0.599,0,1,0,-0.599,0,-0.801,-13.97,19.482,-7.801,"S","J"],[81.311,0.035,-1369.594,-0.803,0,0.596,0,1,0,-0.596,0,-0.803,-13.97,16.212,-7.801,"S","J"],[81.077,0.271,-1369.723,-0.814,0,0.581,0,1,0,-0.581,0,-0.814,-14.004,12.942,-7.739,"S","J"],[80.842,0.453,-1369.849,-0.822,0,0.57,0,1,0,-0.57,0,-0.822,-14.14,9.672,-7.487,"S","J"],[80.365,0.653,-1370.068,-0.804,0,0.594,0,1,0,-0.594,0,-0.804,-14.493,3.132,-4.926,"S","J"],[80.121,0.671,-1370.125,-0.809,0,0.588,0,1,0,-0.588,0,-0.809,-14.744,-0.138,-2.557,"S","J"],["s","v",8,"J"],["s","v","S","J"],[79.894,0.58,-1370.238,-0.866,0,0.499,0,1,0,-0.499,0,-0.866,-13.322,-6.889,-7.748,"S","J"],[79.672,0.563,-1370.368,-0.865,0,0.502,0,1,0,-0.502,0,-0.865,-13.354,-0.136,-7.778,"S","J"],[79.393,0.604,-1370.53,-0.866,0,0.499,0,1,0,-0.499,0,-0.866,-13.355,3.922,-7.779,"S","J"],[79.226,0.656,-1370.627,-0.866,0,0.499,0,1,0,-0.499,0,-0.866,-13.388,4.13,-7.721,"S","J"],[78.947,0.742,-1370.787,-0.866,0,0.499,0,1,0,-0.499,0,-0.866,-13.39,4.141,-7.718,"S","J"],[78.724,0.811,-1370.916,-0.869,0,0.495,0,1,0,-0.495,0,-0.869,-13.39,4.141,-7.718,"S","J"],["s","v","S",1],[78.569,0.842,-1370.949,-0.822,0,0.57,0,1,0,-0.57,0,-0.822,-11.938,1.689,-0.131,"S",0],[78.39,0.852,-1370.845,-0.81,0,0.587,0,1,0,-0.587,0,-0.81,-10.004,0.384,9.986,"S","J"],["s","v","S",1],["s","v","S","J"],[78.407,1.856,-1371.106,-0.525,0.023,-0.851,0.11,0.993,-0.041,0.844,-0.115,-0.524,-6.58,60.37,-2.069,3,"J"],[78.297,2.863,-1371.14,-0.516,0.038,-0.856,0.209,0.974,-0.082,0.831,-0.222,-0.51,-6.575,60.37,-2.042,"S","J"],[78.188,3.87,-1371.173,-0.521,0.055,-0.852,0.306,0.944,-0.126,0.797,-0.326,-0.509,-6.573,60.372,-1.993,"S","J"],[78.313,4.844,-1371.504,-0.484,0.035,-0.875,0.178,0.982,-0.059,0.857,-0.184,-0.481,-3.766,57.145,-1.537,5,"J"],[78.27,5.757,-1371.557,-0.494,0.023,-0.869,0.053,0.999,-0.004,0.868,-0.048,-0.495,-1.815,53.399,-4.336,"S","J"],[78.263,6.612,-1371.656,-0.534,0.009,-0.846,0.005,1,0.007,0.846,0,-0.534,0.43,50.049,-6.794,"S","J"],[78.294,7.412,-1371.786,-0.56,0.001,-0.828,-0.004,1,0.004,0.828,0.006,-0.56,2.723,46.777,-8.298,"S","J"],[78.363,8.158,-1371.935,-0.575,-0.001,-0.818,-0.003,1,0.001,0.818,0.003,-0.575,4.961,43.507,-9.341,"S","J"],[78.495,9.013,-1372.105,-0.616,-0.001,-0.788,-0.001,1,0,0.788,0,-0.616,7.235,39.42,-7.366,"S","J"],[78.596,9.485,-1372.207,-0.66,0,-0.751,0,1,0,0.751,0,-0.66,8.577,36.967,-8.527,"S","J"],[78.758,10.067,-1372.365,-0.631,0,-0.776,0,1,0,0.776,0,-0.631,10.426,33.697,-10.017,"S","J"],[78.947,10.595,-1372.544,-0.633,0,-0.774,0,1,0,0.774,0,-0.633,11.589,30.427,-10.957,"S","J"],[79.149,11.068,-1372.703,-0.648,0,-0.762,0,1,0,0.762,0,-0.648,12.441,27.157,-8.73,"S","J"],[79.366,11.486,-1372.826,-0.654,0,-0.756,0,1,0,0.756,0,-0.654,13.293,23.887,-6.505,"S","J"],[79.579,11.851,-1372.958,-0.64,0,-0.769,0,1,0,0.769,0,-0.64,12.476,20.617,-8.744,"S","J"],[79.779,12.16,-1373.126,-0.634,0,-0.774,0,1,0,0.774,0,-0.634,11.748,17.347,-10.744,"S","J"],[80.022,12.47,-1373.353,-0.6,0,-0.8,0,1,0,0.8,0,-0.6,11.678,13.26,-10.935,"S","J"],[80.167,12.616,-1373.491,-0.638,0,-0.77,0,1,0,0.77,0,-0.638,11.583,10.807,-11.036,"S","J"],[80.357,12.762,-1373.678,-0.601,0,-0.799,0,1,0,0.799,0,-0.601,11.38,7.537,-11.246,"S","J"],[80.544,12.853,-1373.868,-0.59,0,-0.808,0,1,0,0.808,0,-0.59,11.225,4.267,-11.401,"S","J"],[80.729,12.89,-1374.06,-0.575,0,-0.818,0,1,0,0.818,0,-0.575,11.068,0.997,-11.552,"S","J"],[80.926,12.873,-1374.231,-0.424,0,-0.906,0,1,0,0.906,0,-0.424,12.254,-2.273,-9.482,"S","J"],[81.143,12.801,-1374.367,-0.431,0,-0.903,0,1,0,0.903,0,-0.431,13.438,-5.543,-7.413,"S","J"],[81.379,12.675,-1374.469,-0.439,0,-0.899,0,1,0,0.899,0,-0.439,14.623,-8.813,-5.344,"S","J"],[81.633,12.494,-1374.539,-0.447,0,-0.895,0,1,0,0.895,0,-0.447,15.53,-12.083,-3.683,"S","J"],[81.894,12.258,-1374.597,-0.458,0,-0.889,0,1,0,0.889,0,-0.458,15.615,-15.353,-3.446,"S","J"],[82.154,11.968,-1374.651,-0.474,0,-0.881,0,1,0,0.881,0,-0.474,15.661,-18.623,-3.232,"S","J"],[82.416,11.624,-1374.701,-0.493,0,-0.87,0,1,0,0.87,0,-0.493,15.717,-21.893,-2.949,"S",0],[82.675,11.225,-1374.765,-0.44,0,-0.898,0,1,0,0.898,0,-0.44,15.474,-25.163,-4.045,"S","J"],[82.933,10.771,-1374.832,-0.418,0,-0.908,0,1,0,0.908,0,-0.418,15.483,-28.433,-4.006,"S","J"],[83.103,10.818,-1374.865,-0.483,0,-0.876,0,1,0,0.876,0,-0.483,12.863,9.11,-2.194,12,"J"],[83.291,10.999,-1374.893,-0.502,0,-0.865,0,1,0,0.865,0,-0.502,10.323,11.158,-1.506,"S","J"],["s","v","S","J"],[83.447,11.184,-1374.93,-0.372,-0.001,-0.928,0.001,1,-0.002,0.928,-0.002,-0.372,8.649,11.147,-2.247,"S","J"],["s","v","S","J"],[83.582,11.371,-1374.987,-0.519,0,-0.855,0,1,0,0.855,0,-0.519,7.541,11.207,-3.492,"S","J"],[83.623,11.558,-1375.007,-0.488,0,-0.873,0,1,0,0.873,0,-0.488,0.436,11.207,-0.249,"S","J"],["s","v","S",1],[83.625,11.745,-1375.009,-0.649,0,-0.761,0,1,0,0.761,0,-0.649,0.048,11.211,-0.063,"S",0],["s","v","S",1],[83.565,12.438,-1375.55,-1,0,0.021,0,1,0,-0.021,0,-1,-3.594,40.362,-32.637,3,"J"],[83.504,13.077,-1376.072,-1,0,0.03,0,1,0,-0.03,0,-1,-3.724,37.097,-30.62,5,"J"],[83.441,13.661,-1376.561,-1,0,0.03,0,1,0,-0.03,0,-1,-3.828,33.824,-28.595,"S","J"],[83.376,14.19,-1377.015,-1,0,0.03,0,1,0,-0.03,0,-1,-3.926,30.552,-26.571,"S","J"],["s","v","S","J"],[83.298,14.776,-1377.532,-1,0,-0.009,0,1,0,0.009,0,-1,-3.64,26.465,-23.603,"S","J"],[83.24,15.183,-1377.901,-0.999,0,-0.034,0,1,0,0.034,0,-0.999,-3.387,23.195,-21.233,"S","J"],[83.187,15.535,-1378.23,-1,0,-0.025,0,1,0,0.025,0,-1,-3.072,19.925,-18.871,"S","J"],[83.14,15.833,-1378.52,-1,0,-0.011,0,1,0,0.011,0,-1,-2.647,16.655,-16.526,"S","J"],[83.101,16.077,-1378.785,-1,0,-0.002,0,1,0,0.002,0,-1,-2.306,13.385,-15.843,"S","J"],[83.064,16.266,-1379.049,-1,0,0.012,0,1,0,-0.012,0,-1,-2.158,10.115,-15.85,"S","J"],[83.031,16.4,-1379.314,-1,0,0.021,0,1,0,-0.021,0,-1,-1.943,6.845,-15.877,"S","J"],[83.001,16.48,-1379.579,-1,0,0.03,0,1,0,-0.03,0,-1,-1.798,3.575,-15.894,"S","J"],[82.964,16.506,-1379.843,0.056,0,0.998,0,1,0,-0.998,0,0.056,-2.314,0.305,-15.834,"S","J"],[82.94,16.477,-1380.108,0.138,0,0.99,0,1,0,-0.99,0,0.138,-1.268,-2.965,-15.952,"S","J"],[82.936,16.393,-1380.375,0.214,0,0.977,0,1,0,-0.977,0,0.214,0.025,-6.235,-16.002,"S","J"],[82.953,16.255,-1380.641,0.262,0,0.965,0,1,0,-0.965,0,0.262,1.261,-9.505,-15.952,"S","J"],[82.986,16.063,-1380.905,0.301,0,0.954,0,1,0,-0.954,0,0.301,2.074,-12.775,-15.867,"S","J"],[83.03,15.816,-1381.168,0.301,0,0.954,0,1,0,-0.954,0,0.301,2.723,-16.045,-15.768,"S","J"],["s","v","S",0],[83.098,15.515,-1381.42,0.764,0,0.645,0,1,0,-0.645,0,0.764,4.851,-19.315,-14.75,"S","J"],[83.2,15.159,-1381.654,0.859,0,0.512,0,1,0,-0.512,0,0.859,6.931,-22.585,-13.591,"S","J"],[83.336,14.748,-1381.867,0.902,0,0.433,0,1,0,-0.433,0,0.902,8.922,-25.855,-12.28,"S","J"],[83.544,14.343,-1382.025,0.887,0,0.461,0,1,0,-0.461,0,0.887,13.261,-14.81,-8.86,7,"J"],[83.773,14.402,-1382.16,0.885,0,0.465,0,1,0,-0.465,0,0.885,13.869,7.891,-7.974,"S","J"],[84.008,14.501,-1382.286,0.887,0,0.461,0,1,0,-0.461,0,0.887,14.122,4.881,-7.521,8,"J"],[84.245,14.559,-1382.41,0.887,0,0.461,0,1,0,-0.461,0,0.887,14.193,2.75,-7.386,"S","J"],["s","v","S","J"],[84.454,14.615,-1382.574,0.76,0,0.65,0,1,0,-0.65,0,0.76,12.302,3.133,-10.219,"S","J"],[84.709,14.662,-1382.788,0.767,0,0.642,0,1,0,-0.642,0,0.767,12.264,1.712,-10.276,"S","J"],["s","v","S","J"],[84.931,14.674,-1382.936,0.845,0,0.535,0,1,0,-0.535,0,0.845,13.443,0.394,-8.672,"S","J"],[85.155,14.677,-1383.08,0.843,0,0.538,0,1,0,-0.538,0,0.843,13.467,0.13,-8.64,"S","J"],[85.38,14.678,-1383.224,0.842,0,0.54,0,1,0,-0.54,0,0.842,13.467,0.057,-8.639,"S","J"],[85.604,14.688,-1383.368,0.842,0,0.54,0,1,0,-0.54,0,0.842,13.467,0.646,-8.639,"S","J"],[85.829,14.697,-1383.512,0.842,0,0.54,0,1,0,-0.54,0,0.842,13.467,0.449,-8.639,"S","J"],[86.053,14.729,-1383.656,0.842,0,0.54,0,1,0,-0.54,0,0.842,13.467,2.11,-8.639,"S","J"],[86.278,14.757,-1383.8,0.842,0,0.54,0,1,0,-0.54,0,0.842,13.467,1.444,-8.639,"S","J"],[86.502,14.775,-1383.944,0.842,0,0.54,0,1,0,-0.54,0,0.842,13.467,0.833,-8.639,"S","J"],[86.67,14.783,-1384.052,0.842,0,0.54,0,1,0,-0.54,0,0.842,13.467,0.535,-8.639,"S","J"],[86.951,14.79,-1384.232,0.842,0,0.54,0,1,0,-0.54,0,0.842,13.467,0.252,-8.639,"S","J"],[87.175,14.793,-1384.376,0.842,0,0.54,0,1,0,-0.54,0,0.842,13.467,0.137,-8.639,"S","J"],[87.4,14.794,-1384.521,0.842,0,0.54,0,1,0,-0.54,0,0.842,13.467,0.075,-8.639,"S","J"],[87.624,14.795,-1384.665,0.842,0,0.54,0,1,0,-0.54,0,0.842,13.467,0.041,-8.639,"S","J"],[87.849,14.796,-1384.809,0.842,0,0.54,0,1,0,-0.54,0,0.842,13.467,0.022,-8.639,"S","J"],[88.073,14.796,-1384.953,0.842,0,0.54,0,1,0,-0.54,0,0.842,13.467,0.012,-8.639,"S","J"],[88.298,14.796,-1385.097,0.844,0,0.536,0,1,0,-0.536,0,0.844,13.467,0.007,-8.639,"S","J"],[88.523,14.796,-1385.24,0.847,0,0.532,0,1,0,-0.532,0,0.847,13.505,0.004,-8.579,"S","J"],[88.748,14.796,-1385.382,0.847,0,0.532,0,1,0,-0.532,0,0.847,13.544,0.002,-8.518,"S","J"],[88.974,14.796,-1385.524,0.851,0,0.525,0,1,0,-0.525,0,0.851,13.545,0.001,-8.517,"S","J"],[89.201,14.796,-1385.664,0.854,0,0.521,0,1,0,-0.521,0,0.854,13.62,0.001,-8.396,"S","J"],[89.428,14.796,-1385.803,0.858,0,0.513,0,1,0,-0.513,0,0.858,13.659,0,-8.333,"S","J"],[89.657,14.796,-1385.94,0.863,0,0.505,0,1,0,-0.505,0,0.863,13.733,0,-8.21,"S","J"],[89.887,14.796,-1386.075,0.868,0,0.497,0,1,0,-0.497,0,0.868,13.807,0,-8.085,"S","J"],[90.118,14.796,-1386.208,0.87,0,0.493,0,1,0,-0.493,0,0.87,13.88,0,-7.959,"S","J"],[90.35,14.796,-1386.34,0.87,0,0.493,0,1,0,-0.493,0,0.87,13.917,0,-7.895,"S","J"],[90.582,14.796,-1386.471,0.872,0,0.489,0,1,0,-0.489,0,0.872,13.917,0,-7.894,"S","J"],[90.815,14.796,-1386.602,0.872,0,0.489,0,1,0,-0.489,0,0.872,13.952,0,-7.832,"S","J"],["s","v","S","J"],[91.058,14.796,-1386.711,0.905,0,0.425,0,1,0,-0.425,0,0.905,14.678,0,-6.364,"S","J"],[91.303,14.796,-1386.817,0.917,0,0.398,0,1,0,-0.398,0,0.917,14.693,0,-6.335,"S","J"],[91.547,14.796,-1386.922,0.918,0,0.396,0,1,0,-0.396,0,0.918,14.693,0,-6.33