[[540.017,-16.724,-1403.568,-0.78,0,0.625,0,1,0,-0.625,0,-0.78,0,0,0,8,0],["s","v","S","J"],[539.985,-16.724,-1403.512,-0.868,0,0.497,0,1,-0.001,-0.497,-0.001,-0.868,-3.888,0,6.72,"S","J"],[539.873,-16.724,-1403.318,-0.867,0,0.499,0,1,0,-0.499,0,-0.867,-7.802,0,13.471,"S","J"],[539.74,-16.724,-1403.088,-0.865,0,0.501,0,1,0,-0.501,0,-0.865,-8.014,0,13.836,"S","J"],[539.606,-16.724,-1402.858,-0.865,0,0.501,0,1,0,-0.501,0,-0.865,-8.019,0,13.845,"S","J"],[539.473,-16.724,-1402.627,-0.865,0,0.501,0,1,0,-0.501,0,-0.865,-8.019,0,13.845,"S","J"],[539.339,-16.724,-1402.396,-0.865,0,0.501,0,1,0,-0.501,0,-0.865,-8.019,0,13.845,"S","J"],[539.206,-16.724,-1402.165,-0.865,0,0.501,0,1,0,-0.501,0,-0.865,-8.019,0,13.845,"S","J"],[539.072,-16.724,-1401.934,-0.865,0,0.501,0,1,0,-0.501,0,-0.865,-8.019,0,13.845,"S","J"],[538.939,-16.724,-1401.703,-0.865,0,0.501,0,1,0,-0.501,0,-0.865,-8.019,0,13.845,"S","J"],[538.805,-16.724,-1401.472,-0.865,0,0.501,0,1,0,-0.501,0,-0.865,-8.019,0,13.845,"S","J"],[538.672,-16.724,-1401.241,-0.865,0,0.501,0,1,0,-0.501,0,-0.865,"v","S","J"],[538.538,-16.724,-1401.01,-0.865,0,0.501,0,1,0,-0.501,0,-0.865,"v","S","J"],[538.371,-16.724,-1400.721,-0.865,0,0.501,0,1,0,-0.501,0,-0.865,"v","S","J"],[538.237,-16.724,-1400.49,-0.865,0,0.501,0,1,0,-0.501,0,-0.865,"v","S","J"],[538.137,-16.724,-1400.317,-0.865,0,0.501,0,1,0,-0.501,0,-0.865,"v","S","J"],[538.004,-16.724,-1400.086,-0.865,0,0.501,0,1,0,-0.501,0,-0.865,"v","S","J"],[537.87,-16.724,-1399.855,-0.865,0,0.501,0,1,0,-0.501,0,-0.865,"v","S","J"],[537.737,-16.724,-1399.624,-0.865,0,0.501,0,1,0,-0.501,0,-0.865,"v","S","J"],[537.603,-16.724,-1399.393,-0.865,0,0.501,0,1,0,-0.501,0,-0.865,"v","S","J"],[537.47,-16.724,-1399.162,-0.865,0,0.501,0,1,0,-0.501,0,-0.865,"v","S","J"],[537.336,-16.724,-1398.931,-0.865,0,0.501,0,1,0,-0.501,0,-0.865,"v","S","J"],[537.203,-16.724,-1398.7,-0.865,0,0.501,0,1,0,-0.501,0,-0.865,"v","S","J"],[537.036,-16.724,-1398.412,-0.865,0,0.501,0,1,0,-0.501,0,-0.865,"v","S","J"],[536.935,-16.724,-1398.239,-0.865,0,0.501,0,1,0,-0.501,0,-0.865,"v","S","J"],[536.802,-16.724,-1398.008,-0.865,0,0.501,0,1,0,-0.501,0,-0.865,"v","S","J"],[536.668,-16.724,-1397.777,-0.865,0,0.501,0,1,0,-0.501,0,-0.865,"v","S","J"],[536.535,-16.724,-1397.546,-0.865,0,0.501,0,1,0,-0.501,0,-0.865,"v","S","J"],[536.401,-16.724,-1397.315,-0.865,0,0.501,0,1,0,-0.501,0,-0.865,"v","S","J"],[536.268,-16.724,-1397.084,-0.865,0,0.501,0,1,0,-0.501,0,-0.865,"v","S","J"],[536.134,-16.724,-1396.853,-0.865,0,0.501,0,1,0,-0.501,0,-0.865,"v","S","J"],[536.001,-16.724,-1396.622,-0.865,0,0.501,0,1,0,-0.501,0,-0.865,"v","S","J"],[535.834,-16.724,-1396.333,-0.865,0,0.501,0,1,0,-0.501,0,-0.865,"v","S","J"],[535.734,-16.724,-1396.16,-0.865,0,0.501,0,1,0,-0.501,0,-0.865,"v","S","J"],[535.567,-16.724,-1395.871,-0.865,0,0.501,0,1,0,-0.501,0,-0.865,"v","S","J"],[535.466,-16.724,-1395.698,-0.865,0,0.501,0,1,0,-0.501,0,-0.865,"v","S","J"],[535.299,-16.724,-1395.409,-0.865,0,0.501,0,1,0,-0.501,0,-0.865,"v","S","J"],[535.166,-16.724,-1395.178,-0.865,0,0.501,0,1,0,-0.501,0,-0.865,-8.019,0,13.845,"S","J"],[535.066,-16.724,-1395.005,-0.865,0,0.501,0,1,0,-0.501,0,-0.865,-8.019,0,13.845,"S","J"],[534.932,-16.724,-1394.774,-0.865,0,0.501,0,1,0,-0.501,0,-0.865,"v","S","J"],[534.799,-16.724,-1394.543,-0.865,0,0.501,0,1,0,-0.501,0,-0.865,"v","S","J"],[534.665,-16.724,-1394.312,-0.865,0,0.501,0,1,0,-0.501,0,-0.865,"v","S","J"],[534.532,-16.724,-1394.081,-0.865,0,0.501,0,1,0,-0.501,0,-0.865,"v","S","J"],[534.398,-16.724,-1393.85,-0.865,0,0.501,0,1,0,-0.501,0,-0.865,"v","S","J"],[534.231,-16.724,-1393.562,-0.865,0,0.501,0,1,0,-0.501,0,-0.865,"v","S","J"],[534.131,-16.724,-1393.388,-0.865,0,0.501,0,1,0,-0.501,0,-0.865,"v","S","J"],[533.997,-16.724,-1393.157,-0.865,0,0.501,0,1,0,-0.501,0,-0.865,"v","S","J"],[533.864,-16.724,-1392.927,-0.865,0,0.501,0,1,0,-0.501,0,-0.865,"v","S","J"],[533.73,-16.724,-1392.696,-0.865,0,0.501,0,1,0,-0.501,0,-0.865,"v","S","J"],[533.597,-16.724,-1392.465,-0.865,0,0.501,0,1,0,-0.501,0,-0.865,"v","S","J"],[533.463,-16.724,-1392.234,-0.865,0,0.501,0,1,0,-0.501,0,-0.865,"v","S","J"],[533.33,-16.724,-1392.003,-0.865,0,0.501,0,1,0,-0.501,0,-0.865,"v","S","J"],[533.196,-16.724,-1391.772,-0.865,0,0.501,0,1,0,-0.501,0,-0.865,"v","S","J"],[533.063,-16.724,-1391.541,-0.865,0,0.501,0,1,0,-0.501,0,-0.865,"v","S","J"],[532.929,-16.724,-1391.31,-0.865,0,0.501,0,1,0,-0.501,0,-0.865,"v","S","J"],[532.796,-16.724,-1391.079,-0.865,0,0.501,0,1,0,-0.501,0,-0.865,"v","S","J"],[532.629,-16.724,-1390.79,-0.865,0,0.501,0,1,0,-0.501,0,-0.865,-8.019,0,13.845,"S","J"],[532.495,-16.724,-1390.559,-0.865,0,0.501,0,1,0,-0.501,0,-0.865,-8.019,0,13.845,"S","J"],[532.362,-16.724,-1390.328,-0.865,0,0.501,0,1,0,-0.501,0,-0.865,"v","S","J"],[532.228,-16.724,-1390.097,-0.865,0,0.501,0,1,0,-0.501,0,-0.865,"v","S","J"],[532.128,-16.724,-1389.924,-0.865,0,0.501,0,1,0,-0.501,0,-0.865,"v","S","J"],[532.023,-16.728,-1389.71,-0.813,0.012,0.582,0.001,1,-0.019,-0.582,-0.015,-0.813,-3.371,-0.786,8.36,"S","J"],[532.024,-16.727,-1389.64,-0.815,0.014,0.579,0.003,1,-0.021,-0.58,-0.016,-0.815,-1.254,0.014,7.444,"S","J"],[532.063,-16.726,-1389.585,-0.805,0.013,0.593,0.002,1,-0.02,-0.593,-0.015,-0.805,-1.327,0.01,7.084,"S","J"],[532.194,-16.725,-1389.632,-0.875,0.009,0.484,0.001,1,-0.018,-0.484,-0.015,-0.875,-0.342,-0.164,6.081,"S",1],[532.411,-15.849,-1389.779,-0.979,0.021,0.202,0.013,0.999,-0.043,-0.203,-0.04,-0.978,0.909,52.999,5.114,3,"J"],[532.575,-14.969,-1389.87,-0.85,0.016,-0.526,0.057,0.996,-0.062,0.523,-0.082,-0.848,3.218,52.991,2.402,"S","J"],[532.628,-14.086,-1389.83,-0.851,0.039,-0.524,0.096,0.992,-0.081,0.517,-0.12,-0.848,3.232,52.991,2.405,"S","J"],[532.751,-13.242,-1389.896,-0.814,0.018,-0.58,0.052,0.998,-0.042,0.578,-0.064,-0.813,1.629,49.39,1.687,5,"J"],[532.758,-12.453,-1389.879,-0.803,0.005,-0.596,0.013,1,-0.011,0.596,-0.016,-0.803,-0.04,46.052,0.599,"S","J"],[532.757,-11.72,-1389.875,-0.801,0,-0.598,0,1,0,0.598,0,-0.801,-0.035,42.773,0.137,"S","J"],[532.757,-11.041,-1389.874,-0.801,0,-0.598,-0.001,1,0.001,0.598,0.002,-0.801,0,39.502,-0.002,"S","J"],[532.757,-10.417,-1389.874,-0.801,0,-0.598,-0.001,1,0.001,0.598,0.001,-0.801,0.004,36.232,-0.016,"S","J"],[532.757,-9.847,-1389.875,-0.801,0,-0.598,0,1,0,0.598,0,-0.801,0.002,32.962,-0.008,"S","J"],[532.757,-9.332,-1389.875,-0.871,0,-0.492,0,1,0,0.492,0,-0.871,0.001,29.692,-0.002,"S","J"],[532.757,-8.871,-1389.875,-0.871,0,-0.492,0,1,0,0.492,0,-0.871,0,26.422,0,"S","J"],[532.757,-8.465,-1389.875,-0.871,0,-0.492,0,1,0,0.492,0,-0.871,0,23.152,0,"S","J"],[532.757,-8.113,-1389.875,-0.871,0,-0.492,0,1,0,0.492,0,-0.871,0,19.882,0,"S","J"],[532.757,-7.816,-1389.875,-0.871,0,-0.492,0,1,0,0.492,0,-0.871,0,16.612,0,"S","J"],[532.757,-7.521,-1389.875,-0.871,0,-0.492,0,1,0,0.492,0,-0.871,0,12.525,0,"S","J"],["s","v","S",0],[532.769,-7.346,-1389.851,-0.881,0,-0.474,0,1,-0.001,0.474,-0.001,-0.881,1.137,9.255,2.198,"S","J"],[532.8,-7.226,-1389.793,-0.882,0,-0.472,0,1,-0.001,0.472,-0.001,-0.882,2.269,5.985,4.305,"S","J"],[532.826,-7.052,-1389.743,-0.882,0,-0.472,0,1,0,0.472,0,-0.882,1.156,11.097,2.191,12,"J"],[532.834,-6.865,-1389.727,-0.882,0,-0.472,0,1,0,0.472,0,-0.882,0.12,11.198,0.226,"S","J"],[532.834,-6.679,-1389.727,-0.882,0,-0.472,0,1,0,0.472,0,-0.882,0.002,11.2,0.004,"S","J"],[532.834,-6.492,-1389.727,-0.882,0,-0.472,0,1,0,0.472,0,-0.882,0,11.2,0,"S","J"],[532.834,-6.305,-1389.727,-0.882,0,-0.472,0,1,0,0.472,0,-0.882,0,11.2,0,"S","J"],[532.834,-6.119,-1389.727,-0.882,0,-0.472,0,1,0,0.472,0,-0.882,0,11.2,0,"S","J"],[532.834,-5.63,-1389.727,-0.63,0,0.777,0,1,0,-0.777,0,-0.63,0,30.987,0,8,1],[532.834,-4.767,-1389.727,-0.616,0,0.788,0,1,0,-0.788,0,-0.616,0,50.547,0,3,0],[532.834,-3.959,-1389.727,-0.658,0,0.753,0,1,0,-0.753,0,-0.658,0,47.277,0,5,"J"],[532.834,-3.205,-1389.727,-0.687,0,0.727,0,1,0,-0.727,0,-0.687,0,44.007,0,"S","J"],["s","v","S",1],[532.847,-2.339,-1389.742,-0.888,0,-0.46,0,1,0,0.46,0,-0.888,0.006,39.92,-0.009,"S","J"],[532.847,-1.861,-1389.742,-0.882,0,-0.472,0,1,0,0.472,0,-0.882,0.001,37.467,-0.002,"S","J"],[532.847,-1.27,-1389.742,-0.882,0,-0.472,0,1,0,0.472,0,-0.882,0,34.197,0,"S","J"],[532.799,-0.791,-1389.849,-0.889,-0.018,-0.458,0.002,0.999,-0.044,0.458,-0.04,-0.888,-1.273,27.581,-2.787,"S","J"],[532.79,-0.365,-1389.869,-0.894,-0.008,-0.448,0.001,1,-0.021,0.448,-0.019,-0.894,-0.168,24.314,-0.351,"S",0],[532.791,0.006,-1389.866,-0.894,-0.002,-0.448,0,1,-0.005,0.448,-0.004,-0.894,0.065,21.037,0.15,"S","J"],[532.792,0.323,-1389.865,-0.894,0,-0.448,0,1,0,0.448,0,-0.894,0.015,17.766,0.034,"S","J"],[532.792,0.585,-1389.865,-0.894,0,-0.448,0,1,0.001,0.448,0.001,-0.894,-0.001,14.496,-0.003,"S",1],[532.803,0.792,-1389.843,-0.89,0,-0.456,0,1,0,0.456,0,-0.89,1.084,11.226,2.116,"S","J"],[532.823,0.942,-1389.875,-0.892,0,-0.452,0,1,0,0.452,0,-0.892,1.103,7.655,-3.925,"S","J"],[532.849,1.035,-1389.917,-0.89,0,-0.455,0,1,0,0.455,0,-0.89,1.879,4.385,-1.666,"S","J"],[532.862,1.205,-1389.929,-0.89,0,-0.456,0,1,0,0.456,0,-0.89,0.202,11.065,-0.18,12,"J"],[532.619,1.897,-1390.414,-0.89,0,-0.456,0,1,0,0.456,0,-0.89,-14.608,40.283,-29.096,3,"J"],[532.387,2.534,-1390.877,-0.89,0,-0.456,0,1,0,0.456,0,-0.89,-13.537,37.013,-26.97,5,0],["s","v","S",1],[532.104,3.254,-1391.401,-0.954,0,-0.3,0,1,0,0.3,0,-0.954,-13.63,32.926,-23.992,"S","J"],[531.933,3.645,-1391.686,-0.944,0,-0.329,0,1,0,0.329,0,-0.944,-13.683,30.473,-22.205,"S","J"],[531.704,4.119,-1392.032,-0.955,0,-0.295,0,1,0,0.295,0,-0.955,-13.753,27.203,-19.823,"S","J"],[531.474,4.538,-1392.337,-0.956,0,-0.295,0,1,0,0.295,0,-0.956,-13.822,23.933,-17.44,"S","J"],[531.243,4.903,-1392.603,-0.956,0,-0.295,0,1,0,0.295,0,-0.956,-13.892,20.663,-15.058,"S","J"],[531.011,5.214,-1392.829,-0.956,0,-0.295,0,1,0,0.295,0,-0.956,-13.961,17.393,-12.676,"S","J"],[530.777,5.469,-1393.016,-0.958,0,-0.286,0,1,0,0.286,0,-0.958,-14.031,14.123,-10.293,"S","J"],[530.543,5.671,-1393.162,-0.959,0,-0.282,0,1,0,0.282,0,-0.959,-14.109,10.853,-7.911,"S","J"],[530.307,5.818,-1393.27,-0.959,0,-0.282,0,1,0,0.282,0,-0.959,-14.193,7.583,-5.53,"S","J"],[530.069,5.91,-1393.337,-0.961,0,-0.277,0,1,0,0.277,0,-0.961,-14.277,4.313,-3.148,"S",0],[529.89,5.943,-1393.361,-0.963,0,-0.27,0,1,0,0.27,0,-0.963,-14.4,1.861,-1.364,"S","J"],[529.587,5.931,-1393.353,-0.979,0,-0.205,0,1,0,0.205,0,-0.979,-14.605,-2.227,1.608,"S","J"],[529.443,5.926,-1393.308,-0.942,0,-0.335,0,1,0,0.335,0,-0.942,-10.856,-0.117,3.99,7,"J"],[529.268,5.926,-1393.24,-0.933,0,-0.36,0,1,0,0.36,0,-0.933,-10.491,-0.002,4.106,"S","J"],[529.092,5.941,-1393.171,-0.931,0,-0.364,0,1,0,0.364,0,-0.931,-10.524,1.675,4.124,"S","J"],[528.901,6.01,-1393.096,-0.931,0,-0.365,0,1,0,0.365,0,-0.931,-11.613,4.929,4.551,8,"J"],[528.679,6.11,-1393.009,-0.931,0,-0.365,0,1,0,0.365,0,-0.931,-13.608,6.222,5.333,"S","J"],[528.438,6.202,-1392.915,-0.931,0,-0.365,0,1,0,0.365,0,-0.931,-14.554,5.082,5.704,"S","J"],[528.195,6.279,-1392.819,-0.931,0,-0.365,0,1,0,0.365,0,-0.931,-14.572,4.322,5.711,"S","J"],[527.949,6.339,-1392.723,-0.931,0,-0.365,0,1,0,0.365,0,-0.931,-14.773,3.228,5.789,"S","J"],[527.715,6.494,-1392.598,-0.426,0,0.905,0,1,0,-0.905,0,-0.426,-13.963,9.988,7.768,"S","J"],[527.482,6.631,-1392.469,-0.457,0,0.889,0,1,0,-0.889,0,-0.457,-13.982,7.018,7.745,"S","J"],["s","v","S","J"],[527.261,6.755,-1392.32,-0.574,0,0.819,0,1,0,-0.819,0,-0.574,-13.164,6.847,9.077,"S","J"],[527.042,6.88,-1392.169,-0.571,0,0.821,0,1,0,-0.821,0,-0.571,-13.153,6.958,9.107,"S","J"],[526.877,6.951,-1392.055,-0.569,0,0.822,0,1,0,-0.822,0,-0.569,-13.153,4.992,9.107,"S","J"],[526.658,7.049,-1391.903,-0.569,0,0.822,0,1,0,-0.822,0,-0.569,-13.154,5.492,9.108,"S","J"],[526.384,7.131,-1391.713,-0.569,0,0.822,0,1,0,-0.822,0,-0.569,-13.154,2.986,9.108,"S","J"],[526.219,7.159,-1391.599,-0.569,0,0.822,0,1,0,-0.822,0,-0.569,-13.154,1.936,9.108,"S","J"],[525.945,7.185,-1391.409,-0.569,0,0.822,0,1,0,-0.822,0,-0.569,-13.154,0.916,9.108,"S","J"],[525.726,7.196,-1391.257,-0.573,0,0.82,0,1,0,-0.82,0,-0.573,-13.154,0.5,9.108,"S","J"],[525.507,7.202,-1391.105,-0.584,0,0.812,0,1,0,-0.812,0,-0.584,-13.114,0.272,9.167,"S","J"],[525.291,7.205,-1390.949,-0.591,0,0.806,0,1,0,-0.806,0,-0.591,-12.989,0.148,9.342,"S","J"],[525.075,7.207,-1390.792,-0.591,0,0.806,0,1,0,-0.806,0,-0.591,-12.903,0.081,9.461,"S","J"],[524.86,7.208,-1390.634,-0.591,0,0.806,0,1,0,-0.806,0,-0.591,-12.901,0.044,9.463,"S","J"],[524.645,7.208,-1390.477,-0.591,0,0.806,0,1,0,-0.806,0,-0.591,-12.901,0.024,9.463,"S","J"],[524.43,7.208,-1390.319,-0.591,0,0.806,0,1,0,-0.806,0,-0.591,-12.901,0.013,9.463,"S","J"],[524.215,7.209,-1390.161,-0.591,0,0.806,0,1,0,-0.806,0,-0.591,-12.901,0.007,9.463,"S","J"],[524.054,7.209,-1390.043,-0.591,0,0.806,0,1,0,-0.806,0,-0.591,-12.901,0.005,9.463,"S","J"],[523.785,7.209,-1389.846,-0.591,0,0.806,0,1,0,-0.806,0,-0.591,-12.901,0.002,9.463,"S","J"],[523.57,7.209,-1389.688,-0.591,0,0.806,0,1,0,-0.806,0,-0.591,-12.901,0.001,9.463,"S","J"],[523.408,7.209,-1389.57,-0.595,0,0.804,0,1,0,-0.804,0,-0.595,-12.901,0.001,9.463,"S","J"],[523.194,7.209,-1389.411,-0.599,0,0.801,0,1,0,-0.801,0,-0.599,-12.859,0,9.521,"S","J"],[522.98,7.209,-1389.252,-0.602,0,0.798,0,1,0,-0.798,0,-0.602,-12.816,0,9.579,"S","J"],[522.767,7.209,-1389.091,-0.602,0,0.798,0,1,0,-0.798,0,-0.602,-12.772,0,9.637,"S","J"],[522.501,7.209,-1388.89,-0.606,0,0.795,0,1,0,-0.795,0,-0.606,-12.771,0,9.638,"S","J"],[522.342,7.209,-1388.769,-0.606,0,0.795,0,1,0,-0.795,0,-0.606,-12.73,0,9.693,"S","J"],[522.13,7.209,-1388.608,-0.61,0,0.793,0,1,0,-0.793,0,-0.61,-12.728,0,9.696,"S","J"],[521.918,7.209,-1388.445,-0.613,0,0.79,0,1,0,-0.79,0,-0.613,-12.684,0,9.752,"S","J"],[521.655,7.209,-1388.241,-0.617,0,0.787,0,1,0,-0.787,0,-0.617,-12.639,0,9.81,"S","J"],[521.497,7.209,-1388.117,-0.62,0,0.784,0,1,0,-0.784,0,-0.62,-12.597,0,9.865,"S","J"],[521.236,7.209,-1387.911,-0.624,0,0.782,0,1,0,-0.782,0,-0.624,-12.55,0,9.925,"S","J"],[521.027,7.209,-1387.745,-0.631,0,0.776,0,1,0,-0.776,0,-0.631,-12.505,0,9.981,"S","J"],[520.82,7.209,-1387.577,-0.634,0,0.773,0,1,0,-0.773,0,-0.634,-12.415,0,10.093,"S","J"],[520.614,7.209,-1387.408,-0.638,0,0.77,0,1,0,-0.77,0,-0.638,-12.368,0,10.15,"S","J"],[520.409,7.209,-1387.238,-0.638,0,0.77,0,1,0,-0.77,0,-0.638,-12.322,0,10.206,"S","J"],[520.203,7.209,-1387.068,-0.641,0,0.767,0,1,0,-0.767,0,-0.641,-12.321,0,10.207,"S","J"],[519.999,7.209,-1386.897,-0.645,0,0.764,0,1,0,-0.764,0,-0.645,-12.276,0,10.262,"S","J"],[519.795,7.209,-1386.725,-0.655,0,0.755,0,1,0,-0.755,0,-0.655,-12.229,0,10.318,"S","J"],["s","v","S","J"],[519.547,7.209,-1386.502,-0.679,0,0.734,0,1,0,-0.734,0,-0.679,-11.848,0,10.752,"S","J"],[519.351,7.209,-1386.321,-0.689,0,0.725,0,1,0,-0.725,0,-0.689,-11.749,0,10.861,"S","J"],[519.157,7.209,-1386.138,-0.695,0,0.719,0,1,0,-0.719,0,-0.695,-11.601,0,11.019,"S","J"],[518.965,7.209,-1385.953,-0.699,0,0.715,0,1,0,-0.715,0,-0.699,-11.5,0,11.124,"S","J"],[518.774,7.209,-1385.767,-0.702,0,0.712,0,1,0,-0.712,0,-0.702,-11.448,0,11.178,"S","J"],[518.584,7.209,-1385.58,-0.708,0,0.706,0,1,0,-0.706,0,-0.708,-11.397,0,11.229,"S","J"],[518.396,7.209,-1385.391,-0.708,0,0.706,0,1,0,-0.706,0,-0.708,-11.296,0,11.331,"S","J"],[518.208,7.209,-1385.202,-0.712,0,0.703,0,1,0,-0.703,0,-0.712,-11.294,0,11.333,"S","J"],[518.02,7.209,-1385.012,-0.712,0,0.703,0,1,0,-0.703,0,-0.712,-11.243,0,11.384,"S","J"],[517.833,7.209,-1384.823,-0.712,0,0.703,0,1,0,-0.703,0,-0.712,-11.242,0,11.385,"S","J"],[517.646,7.209,-1384.633,-0.712,0,0.703,0,1,0,-0.703,0,-0.712,-11.242,0,11.385,"S","J"],[517.458,7.209,-1384.443,-0.712,0,0.703,0,1,0,-0.703,0,-0.712,"v","S","J"],["s","v","S","J"],[517.324,7.209,-1384.294,-0.749,0,0.663,0,1,0,-0.663,0,-0.749,-10.64,0,11.948,"S","J"],[517.103,7.209,-1384.045,-0.749,0,0.663,0,1,0,-0.663,0,-0.749,-10.606,0,11.979,"S","J"],[516.926,7.209,-1383.845,-0.749,0,0.663,0,1,0,-0.663,0,-0.749,-10.606,0,11.98,"S","J"],[516.75,7.209,-1383.645,-0.752,0,0.659,0,1,0,-0.659,0,-0.752,-10.606,0,11.98,"S","J"],[516.574,7.209,-1383.445,-0.803,0,0.596,0,1,0,-0.596,0,-0.803,-10.553,0,12.027,"S","J"],[516.44,7.209,-1383.267,-0.879,0.018,0.477,0.004,1,-0.03,-0.477,-0.025,-0.879,-2.833,-0.062,4.659,"S","J"],[516.501,7.201,-1383.251,-0.917,0.013,0.399,0.002,1,-0.028,-0.399,-0.025,-0.917,0.428,-0.01,5.511,"S","J"],[516.635,7.204,-1383.319,-0.98,0.005,0.198,0,1,-0.025,-0.199,-0.024,-0.98,1.435,-0.045,4.779,"S",1],[516.731,8.315,-1383.323,-0.991,0.008,0.132,0.004,1,-0.031,-0.132,-0.03,-0.991,1.696,66.78,4.578,3,"J"],[516.784,9.428,-1383.276,-0.992,0.011,0.125,0.007,0.999,-0.035,-0.126,-0.034,-0.991,1.698,66.78,4.579,5,"J"],[516.959,10.488,-1383.33,-0.753,-0.008,-0.658,0.003,1,-0.015,0.658,-0.013,-0.753,6.544,62.348,2.734,"S","J"],[517.077,11.493,-1383.263,-0.758,-0.001,-0.652,0.001,1,-0.003,0.652,-0.003,-0.758,7.402,59.074,4.762,"S","J"],[517.209,12.443,-1383.162,-0.764,0,-0.645,0,1,0,0.645,0,-0.764,8.254,55.803,6.872,"S","J"],[517.355,13.339,-1383.025,-0.767,0,-0.642,0,1,0,0.642,0,-0.767,9.094,52.533,9.071,"S","J"],[517.557,14.383,-1382.801,-0.767,0,-0.641,0,1,0,0.641,0,-0.767,10.106,48.446,11.872,"S","J"],[517.7,14.961,-1382.703,-0.765,0,-0.644,0,1,0.001,0.644,0,-0.765,10.705,45.432,7.613,"S","J"],[517.892,15.856,-1382.567,-0.767,0,-0.642,0,1,0,0.642,0,-0.767,8.271,41.344,5.883,"S","J"],[518.01,16.511,-1382.483,-0.776,0,-0.63,0,1,0,0.63,0,-0.776,6.331,38.074,4.504,"S","J"],[518.099,17.112,-1382.389,-0.981,0,0.195,0,1,0,-0.195,0,-0.981,4.76,34.804,6.295,"S","J"],[518.162,17.658,-1382.265,-0.985,0,0.173,0,1,0,-0.173,0,-0.985,3.234,31.534,8.126,"S","J"],[518.201,18.149,-1382.11,-0.989,0,0.147,0,1,0,-0.147,0,-0.989,1.768,28.264,10.006,"S","J"],[518.311,18.571,-1382.018,-0.988,-0.009,0.152,-0.007,1,0.013,-0.153,0.012,-0.988,6.484,24.088,5.405,"S","J"],[518.449,18.939,-1381.945,-0.994,-0.004,0.113,-0.003,1,0.006,-0.113,0.005,-0.994,6.984,20.818,5.35,"S","J"],[518.527,19.178,-1381.867,-0.995,-0.001,0.104,-0.001,1,0.002,-0.104,0.002,-0.995,5.815,18.365,6.775,"S","J"],[518.675,19.509,-1381.741,-0.994,-0.001,0.105,-0.001,1,0.001,-0.105,0.001,-0.994,6.995,14.203,5.751,"S","J"],[518.766,19.666,-1381.665,-0.995,0,0.103,0,1,0.001,-0.103,0,-0.995,8.867,11.75,5.321,"S","J"],[518.896,19.828,-1381.559,-0.995,0,0.103,0,1,0,-0.103,0,-0.995,7.184,8.48,7.019,"S","J"],[519.011,19.953,-1381.399,-0.816,0,0.578,0,1,0,-0.578,0,-0.816,4.386,4.393,8.052,"S","J"],[519.06,19.992,-1381.256,-0.816,0,0.578,0,1,0,-0.578,0,-0.816,2.148,1.123,8.874,"S","J"],[519.073,19.986,-1381.14,-0.816,0,0.578,0,1,0,-0.578,0,-0.816,0.471,-1.33,9.491,"S","J"],[518.95,19.983,-1380.906,-0.816,0,0.578,0,1,0,-0.578,0,-0.816,-8.218,-0.01,11.852,7,"J"],[518.946,19.983,-1380.877,-0.778,0,0.629,0,1,0,-0.629,0,-0.778,3.155,-0.001,-1.795,"S","J"],[518.97,19.982,-1380.865,-0.799,0,0.601,0,1,0,-0.601,0,-0.799,-0.687,-0.006,3.62,8,"J"],[518.99,20.635,-1380.854,-0.79,0.001,0.613,0,1,-0.002,-0.613,-0.002,-0.79,-0.686,51.365,3.62,3,"J"],[519.031,21.448,-1380.858,-0.788,-0.002,0.615,-0.002,1,0,-0.615,-0.001,-0.788,-0.31,47.29,2.989,5,"J"],[519.058,22.195,-1380.848,-0.796,-0.002,0.605,-0.003,1,-0.002,-0.605,-0.003,-0.796,-0.344,43.455,2.988,"S","J"],[519.099,22.881,-1380.849,-0.807,-0.001,0.59,-0.002,1,-0.001,-0.59,-0.002,-0.807,1.114,39.981,0.954,"S","J"],[519.13,23.663,-1380.835,-0.815,0,0.579,0,1,0,-0.579,0,-0.815,1.034,35.893,0.86,"S","J"],[519.152,24.091,-1380.822,-0.816,0,0.578,0,1,0,-0.578,0,-0.816,1.828,33.441,1.088,"S","J"],[519.179,24.614,-1380.793,-0.815,0,0.579,0,1,0.001,-0.579,0,-0.815,2.682,30.088,1.845,"S","J"],[519.233,25.19,-1380.749,-0.815,0,0.579,0,1,0.001,-0.579,0,-0.815,2.311,26,1.773,"S","J"],[519.254,25.589,-1380.702,-0.816,0,0.578,0,1,0,-0.578,0,-0.816,0.605,22.73,3.44,"S","J"],[519.247,25.934,-1380.628,-0.816,0,0.578,0,1,0,-0.578,0,-0.816,-1.103,19.46,5.108,"S","J"],[519.21,26.224,-1380.525,-0.816,0,0.578,0,1,0,-0.578,0,-0.816,-2.808,16.19,6.775,"S","J"],[519.146,26.46,-1380.395,-0.816,0,0.578,0,1,0,-0.578,0,-0.816,-4.513,12.92,8.441,"S","J"],[519.053,26.642,-1380.237,-0.816,0,0.578,0,1,0,-0.578,0,-0.816,-6.218,9.65,10.106,"S",0],[518.933,26.768,-1380.05,-0.829,0,0.559,0,1,0,-0.559,0,-0.829,-7.774,6.38,11.912,"S","J"],[518.79,26.841,-1379.835,-0.829,0,0.559,0,1,0,-0.559,0,-0.829,-8.887,3.11,13.204,"S","J"],[518.641,26.858,-1379.614,-0.829,0,0.559,0,1,0,-0.559,0,-0.829,-8.941,-0.16,13.266,"S","J"],[518.529,26.874,-1379.448,-0.829,0,0.559,0,1,0,-0.559,0,-0.829,-8.942,1.567,13.268,7,"J"],[518.343,26.903,-1379.172,-0.829,0,0.559,0,1,0,-0.559,0,-0.829,-8.942,1.135,13.268,"S","J"],[518.194,26.917,-1378.95,-0.829,0,0.559,0,1,0,-0.559,0,-0.829,-8.942,0.66,13.268,8,"J"],[518.045,26.925,-1378.729,-0.829,0,0.559,0,1,0,-0.559,0,-0.829,-8.942,0.366,13.268,"S","J"],[517.896,26.929,-1378.508,-0.829,0,0.559,0,1,0,-0.559,0,-0.829,-8.942,0.2,13.268,"S","J"],[517.747,26.931,-1378.287,-0.829,0,0.559,0,1,0,-0.559,0,-0.829,-8.942,0.109,13.268,"S","J"],[517.598,26.932,-1378.066,-0.829,0,0.559,0,1,0,-0.559,0,-0.829,-8.942,0.06,13.268,"S","J"],[517.449,26.933,-1377.844,-0.829,0,0.559,0,1,0,-0.559,0,-0.829,-8.942,0.032,13.268,"S","J"],[517.3,26.933,-1377.623,-0.829,0,0.559,0,1,0,-0.559,0,-0.829,-8.942,0.018,13.268,"S","J"],[517.189,26.934,-1377.457,-0.829,0,0.559,0,1,0,-0.559,0,-0.829,-8.942,0.011,13.268,"S","J"],[517.04,26.934,-1377.236,-0.829,0,0.559,0,1,0,-0.559,0,-0.829,-8.942,0.006,13.268,"S","J"],[516.854,26.934,-1376.96,-0.829,0,0.559,0,1,0,-0.559,0,-0.829,-8.942,0.003,13.268,"S","J"],[516.742,26.934,-1376.794,-0.829,0,0.559,0,1,0,-0.559,0,-0.829,-8.942,0.002,13.268,"S","J"],[516.593,26.934,-1376.573,-0.829,0,0.559,0,1,0,-0.559,0,-0.829,-8.942,0.001,13.268,"S","J"],["s","v","S","J"],[516.356,26.934,-1376.252,-0.825,-0.001,0.566,0,1,0.001,-0.566,0,-0.825,-9.569,0,12.794,"S","J"],[516.276,26.934,-1376.146,-0.823,0,0.568,0,1,0,-0.568,0,-0.823,-9.595,0,12.806,"S","J"],[516.116,26.934,-1375.932,-0.82,0,0.572,0,1,0,-0.572,0,-0.82,-9.602,0,12.81,"S","J"],[515.876,26.934,-1375.612,-0.816,0,0.578,0,1,0,-0.578,0,-0.816,-9.593,0,12.805,"S","J"],[515.796,26.934,-1375.505,-0.815,0,0.579,0,1,0,-0.579,0,-0.815,-9.593,0,12.805,"S","J"],[515.636,26.934,-1375.292,-0.813,0,0.582,0,1,0,-0.582,0,-0.813,-9.593,0,12.805,"S","J"],[515.476,26.934,-1375.078,-0.811,0,0.584,0,1,0,-0.584,0,-0.811,-9.593,0,12.805,"S",1],[515.534,27.801,-1375.08,0.554,0.087,0.828,-0.111,0.993,-0.029,-0.825,-0.076,0.56,2.075,52.947,1.58,3,"J"],[515.577,28.905,-1375.046,0.53,0.186,0.827,-0.247,0.967,-0.059,-0.811,-0.173,0.559,2.035,52.95,1.651,"S","J"],[515.611,29.787,-1375.018,0.488,0.252,0.836,-0.352,0.933,-0.076,-0.799,-0.257,0.544,1.987,52.953,1.73,"S","J"],[515.8,30.647,-1375.212,0.457,0.134,0.879,-0.2,0.979,-0.046,-0.867,-0.155,0.474,-1.475,50.289,2.529,5,"J"],[515.775,31.445,-1375.181,0.477,0.037,0.878,-0.054,0.998,-0.013,-0.877,-0.041,0.479,-1.186,46.42,1.357,"S","J"],[515.765,32.183,-1375.17,0.481,0.002,0.877,-0.002,1,-0.001,-0.877,-0.001,0.481,-0.313,43.051,0.341,"S","J"],[515.763,32.867,-1375.168,0.469,-0.003,0.883,0.005,1,0.001,-0.883,0.004,0.469,-0.008,39.779,0.004,"S","J"],[515.764,33.496,-1375.169,0.469,-0.002,0.883,0.003,1,0.001,-0.883,0.002,0.469,0.032,36.51,-0.038,"S","J"],[515.764,34.07,-1375.169,0.469,0,0.883,0.001,1,0,-0.883,0.001,0.469,0.016,33.239,-0.018,"S","J"],[515.764,34.59,-1375.169,0.473,0,0.881,0,1,0,-0.881,0,0.473,0.004,29.969,-0.004,"S","J"],[515.764,35.163,-1375.169,0.473,0,0.881,0,1,0,-0.881,0,0.473,0,25.882,0,"S","J"],[515.764,35.466,-1375.169,0.473,0,0.881,0,1,0,-0.881,0,0.473,0,23.429,0.001,"S","J"],["s","v","S",0],[515.739,35.823,-1375.171,0.023,0,1,0,1,0,-1,0,0.023,-2.398,20.159,-0.127,"S","J"],[515.695,36.054,-1375.173,0.037,0,0.999,0,1,0,-0.999,0,0.037,-4.186,17.707,-0.202,"S","J"],[515.6,36.316,-1375.177,0.034,0,0.999,0,1,0,-0.999,0,0.034,-6.567,14.437,-0.286,"S","J"],[515.488,36.519,-1375.207,0.018,0.011,1,-0.007,1,-0.011,-1,-0.007,0.018,-6.133,10.785,-3.726,"S","J"],[515.378,36.663,-1375.297,0.001,0.012,1,-0.008,1,-0.012,-1,-0.008,0.001,-6.575,7.424,-7.352,"S","J"],["s","v","S","J"],[515.25,36.753,-1375.4,-0.35,0.007,0.937,-0.001,1,-0.008,-0.937,-0.004,-0.35,-8.22,4.155,-5.434,"S","J"],[515.1,36.788,-1375.47,-0.368,0.002,0.93,0,1,-0.002,-0.93,-0.001,-0.368,-9.513,0.884,-3.517,"S","J"],[514.929,36.769,-1375.508,-0.417,0,0.909,0,1,0,-0.909,0,-0.417,-10.653,-2.386,-1.477,"S","J"],[514.742,36.695,-1375.51,-0.459,0,0.889,0,1,0,-0.889,0,-0.459,-11.644,-5.656,0.676,"S","J"],[514.625,36.575,-1375.573,-0.504,0.018,0.864,-0.004,1,-0.023,-0.864,-0.015,-0.504,-6.312,-8.355,-4.865,"S","J"],[514.524,36.558,-1375.601,-0.528,0.016,0.849,-0.004,1,-0.021,-0.85,-0.014,-0.527,-5.678,-0.046,-0.321,7,"J"],[514.431,36.558,-1375.598,-0.563,0.016,0.827,-0.003,1,-0.022,-0.827,-0.015,-0.562,-5.923,-0.027,0.636,8,"J"],[514.43,36.457,-1375.542,-0.831,0.003,0.557,-0.001,1,-0.008,-0.557,-0.007,-0.831,3.498,-7.704,4.806,"S","J"],[514.57,36.295,-1375.43,-0.811,0,0.585,0,1,0.001,-0.585,0.001,-0.811,10.017,-10.976,7.369,"S",1],[514.737,37.178,-1375.307,-0.808,-0.002,0.589,0.001,1,0.005,-0.589,0.004,-0.808,10.018,53,7.369,3,0],[514.925,38.027,-1375.17,-0.857,-0.002,0.515,0,1,0.003,-0.515,0.003,-0.857,11.967,49.73,8.715,5,"J"],[515.137,38.822,-1375.015,-0.875,-0.001,0.484,0,1,0.001,-0.484,0.001,-0.875,12.883,46.46,9.433,"S","J"],[515.352,39.562,-1374.857,-0.877,0,0.48,0,1,0,-0.48,0,-0.877,12.898,43.19,9.471,"S","J"],[515.567,40.248,-1374.699,-0.877,0,0.48,0,1,0,-0.48,0,-0.877,12.893,39.92,9.477,"S",1],[515.805,41.029,-1374.524,-0.765,0,0.644,0,1,0,-0.644,0,-0.765,10.491,35.833,7.713,"S","J"],[515.924,41.456,-1374.437,-0.741,0,0.671,0,1,0,-0.671,0,-0.741,9.051,33.38,6.654,"S","J"],[516.083,42.101,-1374.32,-0.743,0,0.669,0,1,0,-0.669,0,-0.743,6.65,29.293,4.889,"S","J"],[516.154,42.446,-1374.268,-0.746,0,0.666,0,1,0,-0.666,0,-0.746,5.21,26.84,3.83,"S","J"],[516.221,42.86,-1374.219,-0.746,0,0.666,0,1,0,-0.666,0,-0.746,3.29,23.57,2.419,"S","J"],[516.256,43.218,-1374.193,-0.746,0,0.666,0,1,0,-0.666,0,-0.746,1.37,20.3,1.007,"S","J"],[516.262,43.523,-1374.188,-0.746,0,0.666,0,1,0,-0.666,0,-0.746,0.058,17.03,0.042,"S","J"],[516.262,43.772,-1374.188,-0.746,0,0.666,0,1,0,-0.666,0,-0.746,0.001,13.76,0.001,"S",0],[516.488,43.968,-1374.396,-0.816,-0.001,-0.579,-0.001,1,0.001,0.579,0.001,-0.816,6.019,10.49,-2.829,"S","J"],[516.593,44.108,-1374.419,-0.82,0,-0.573,0,1,0,0.573,0,-0.82,6.488,7.22,-0.488,"S","J"],[516.712,44.195,-1374.405,-0.67,0,-0.743,0,1,0,0.743,0,-0.67,7.545,3.95,1.645,"S","J"],["s","v","S","J"],[516.845,44.226,-1374.354,-0.765,0,-0.644,0,1,0,0.644,0,-0.765,8.288,0.68,3.908,"S","J"],[516.991,44.204,-1374.265,-0.744,0,-0.669,0,1,0,0.669,0,-0.744,9.011,-2.59,6.18,"S","J"],[517.149,44.127,-1374.139,-0.744,0,-0.668,0,1,0,0.668,0,-0.744,9.708,-5.86,8.46,"S","J"],[517.317,43.995,-1373.974,-0.755,0,-0.656,0,1,0,0.656,0,-0.755,10.364,-9.13,10.751,"S","J"],[517.444,44.127,-1373.845,-0.783,0.015,-0.621,0,1,0.025,0.621,0.02,-0.783,1.893,9.615,1.197,12,"J"],[517.446,44.31,-1373.85,-0.811,0.018,-0.585,0.001,1,0.029,0.585,0.023,-0.811,-0.212,11.182,-0.323,"S","J"],[517.457,44.462,-1373.835,-0.824,0.003,-0.567,0,1,0.005,0.567,0.004,-0.824,1.293,7.901,1.673,8,"J"],[517.495,44.56,-1373.784,-0.841,-0.001,-0.541,0,1,-0.002,0.541,-0.001,-0.841,2.79,4.63,3.858,5,"J"],[517.554,44.603,-1373.698,-0.87,-0.001,-0.494,0,1,-0.001,0.494,-0.001,-0.87,4.054,1.36,5.941,"S","J"],["s","v","S","J"],[517.699,44.734,-1373.736,-0.783,-0.005,0.621,-0.001,1,0.005,-0.621,0.003,-0.783,2.861,0.104,3.548,"S","J"],[517.723,44.73,-1373.681,-0.775,-0.001,0.632,-0.003,1,-0.003,-0.632,-0.004,-0.775,0.634,-0.242,3.14,"S","J"],[517.654,45.091,-1373.572,-0.775,0.001,0.632,-0.001,1,-0.003,-0.632,-0.003,-0.775,-6.344,24.908,8.05,7,"J"],[517.531,45.548,-1373.421,-0.775,0.001,0.632,0.001,1,0.001,-0.632,0.001,-0.775,-7.508,25.389,9.186,"S","J"],[517.394,45.912,-1373.254,-0.778,0,0.628,0.001,1,0.001,-0.628,0.001,-0.778,-8.294,18.853,10.168,8,"J"],[517.243,46.161,-1373.067,-0.811,0,0.585,0,1,0,-0.585,0,-0.811,-9.213,12.541,11.414,"S","J"],[517.096,46.464,-1372.865,-0.858,0,0.513,0,1,0,-0.513,0,-0.858,-8.782,18.085,12.152,"S","J"],[516.959,46.825,-1372.643,-0.921,0,0.39,0,1,0,-0.39,0,-0.921,-8.103,20.619,13.511,"S","J"],[516.783,47.135,-1372.448,-0.647,0,-0.763,0,1,0,0.763,0,-0.647,-10.907,17.349,11.434,"S","J"],[516.6,47.414,-1372.256,-0.674,0,-0.739,0,1,0,0.739,0,-0.674,-11.039,14.912,11.576,"S","J"],[516.415,47.599,-1372.063,-0.692,0,-0.722,0,1,0,0.722,0,-0.692,-11.042,8.984,11.579,"S","J"],[516.231,47.705,-1371.87,-0.696,0,-0.718,0,1,0,0.718,0,-0.696,-11.093,5.029,11.53,"S","J"],[516.045,47.763,-1371.679,-0.697,0,-0.717,0,1,0,0.717,0,-0.697,-11.146,2.76,11.479,"S","J"],[515.859,47.795,-1371.488,-0.697,0,-0.717,0,1,0,0.717,0,-0.697,-11.147,1.506,11.478,"S","J"],[515.673,47.813,-1371.296,-0.697,0,-0.717,0,1,0,0.717,0,-0.697,-11.147,0.821,11.478,"S","J"],[515.488,47.822,-1371.105,-0.697,0,-0.717,0,1,0,0.717,0,-0.697,-11.147,0.447,11.478,"S","J"],[515.302,47.828,-1370.913,-0.697,0,-0.717,0,1,0,0.717,0,-0.697,-11.147,0.244,11.478,"S","J"],[515.116,47.83,-1370.722,-0.697,0,-0.717,0,1,0,0.717,0,-0.697,-11.147,0.133,11.478,"S","J"],[514.93,47.832,-1370.531,-0.697,0,-0.717,0,1,0,0.717,0,-0.697,-11.147,0.072,11.478,"S","J"],[514.745,47.833,-1370.339,-0.697,0,-0.717,0,1,0,0.717,0,-0.697,-11.147,0.039,11.478,"S","J"],[514.559,47.833,-1370.148,-0.697,0,-0.717,0,1,0,0.717,0,-0.697,-11.147,0.021,11.478,"S","J"],[514.373,47.833,-1369.956,-0.697,0,-0.717,0,1,0,0.717,0,-0.697,-11.147,0.012,11.478,"S","J"],[514.187,47.844,-1369.765,-0.697,0,-0.717,0,1,0,0.717,0,-0.697,-11.147,0.738,11.478,"S","J"],[514.001,47.857,-1369.573,-0.697,0,-0.717,0,1,0,0.717,0,-0.697,-11.147,0.7,11.478,"S","J"],[513.816,47.866,-1369.382,-0.697,0,-0.717,0,1,0,0.717,0,-0.697,-11.147,0.428,11.478,"S","J"],[513.63,47.871,-1369.191,-0.697,0,-0.717,0,1,0,0.717,0,-0.697,-11.147,0.241,11.478,"S","J"],[513.444,47.874,-1368.999,-0.697,0,-0.717,0,1,0,0.717,0,-0.697,-11.147,0.132,11.478,"S","J"],[513.258,47.875,-1368.808,-0.697,0,-0.717,0,1,0,0.717,0,-0.697,-11.147,0.072,11.478,"S","J"],[513.072,47.876,-1368.616,-0.69,0,-0.724,0,1,0,0.724,0,-0.69,-11.147,0.039,11.478,"S","J"]]
