[[780.305,-16.724,-1362.481,0.259,0,0.966,0,1,0,-0.966,0,0.259,0,0,0,8,0],[780.227,-16.724,-1362.556,-0.752,0,0.659,0,1,0,-0.659,0,-0.752,-7.407,0,-7.158,"S","J"],[780.05,-16.724,-1362.727,-0.732,0,0.681,0,1,0,-0.681,0,-0.732,-11.387,0,-11.004,"S","J"],[779.859,-16.724,-1362.912,-0.721,0,0.693,0,1,0,-0.693,0,-0.721,-11.503,0,-11.116,"S","J"],[779.667,-16.724,-1363.097,-0.719,0,0.695,0,1,0,-0.695,0,-0.719,-11.506,0,-11.119,"S","J"],[779.476,-16.724,-1363.283,-0.719,0,0.695,0,1,0,-0.695,0,-0.719,-11.506,0,-11.119,"S","J"],[779.284,-16.724,-1363.468,-0.719,0,0.695,0,1,0,-0.695,0,-0.719,-11.506,0,-11.119,"S","J"],[779.092,-16.724,-1363.654,-0.719,0,0.695,0,1,0,-0.695,0,-0.719,"v","S","J"],[778.901,-16.724,-1363.839,-0.719,0,0.695,0,1,0,-0.695,0,-0.719,"v","S","J"],[778.709,-16.724,-1364.025,-0.719,0,0.695,0,1,0,-0.695,0,-0.719,"v","S","J"],[778.517,-16.724,-1364.21,-0.719,0,0.695,0,1,0,-0.695,0,-0.719,"v","S","J"],[778.326,-16.724,-1364.396,-0.719,0,0.695,0,1,0,-0.695,0,-0.719,"v","S","J"],[778.134,-16.724,-1364.582,-0.719,0,0.695,0,1,0,-0.695,0,-0.719,"v","S","J"],[777.942,-16.724,-1364.767,-0.719,0,0.695,0,1,0,-0.695,0,-0.719,"v","S","J"],[777.751,-16.724,-1364.953,-0.719,0,0.695,0,1,0,-0.695,0,-0.719,"v","S","J"],[777.559,-16.724,-1365.138,-0.719,0,0.695,0,1,0,-0.695,0,-0.719,"v","S","J"],[777.415,-16.724,-1365.277,-0.719,0,0.695,0,1,0,-0.695,0,-0.719,"v","S","J"],[777.224,-16.724,-1365.463,-0.719,0,0.695,0,1,0,-0.695,0,-0.719,-11.506,0,-11.119,"S","J"],[777.032,-16.724,-1365.648,-0.719,0,0.695,0,1,0,-0.695,0,-0.719,-11.506,0,-11.119,"S","J"],[776.793,-16.724,-1365.88,-0.719,0,0.695,0,1,0,-0.695,0,-0.719,"v","S","J"],[776.649,-16.724,-1366.02,-0.719,0,0.695,0,1,0,-0.695,0,-0.719,"v","S","J"],[776.409,-16.724,-1366.251,-0.719,0,0.695,0,1,0,-0.695,0,-0.719,"v","S","J"],[776.218,-16.724,-1366.437,-0.719,0,0.695,0,1,0,-0.695,0,-0.719,"v","S","J"],[776.026,-16.724,-1366.623,-0.722,0,0.692,0,1,0,-0.692,0,-0.722,"v","S","J"],[775.833,-16.724,-1366.807,-0.725,0,0.688,0,1,0,-0.688,0,-0.725,-11.555,0,-11.067,"S","J"],[775.64,-16.724,-1366.991,-0.728,0,0.685,0,1,0,-0.685,0,-0.728,-11.605,0,-11.015,"S","J"],[775.446,-16.724,-1367.174,-0.728,0,0.685,0,1,0,-0.685,0,-0.728,-11.655,0,-10.962,"S","J"],[775.252,-16.724,-1367.356,-0.732,0,0.682,0,1,0,-0.682,0,-0.732,-11.656,0,-10.961,"S","J"],[775.099,-16.724,-1367.485,-0.776,0,0.63,0,1,0,-0.63,0,-0.776,-12.336,0,-10.186,"S","J"],[774.892,-16.724,-1367.653,-0.779,0,0.627,0,1,0,-0.627,0,-0.779,-12.419,0,-10.088,"S","J"],[774.632,-16.724,-1367.862,-0.779,0,0.627,0,1,0,-0.627,0,-0.779,-12.466,0,-10.03,"S","J"],[774.476,-16.724,-1367.988,-0.785,0,0.62,0,1,0,-0.62,0,-0.785,-12.466,0,-10.03,"S","J"],[774.215,-16.724,-1368.195,-0.788,0,0.616,0,1,0,-0.616,0,-0.788,-12.556,0,-9.917,"S","J"],[774.005,-16.724,-1368.359,-0.79,0,0.613,0,1,0,-0.613,0,-0.79,-12.6,0,-9.861,"S","J"],[773.794,-16.724,-1368.523,-0.79,0,0.613,0,1,0,-0.613,0,-0.79,-12.645,0,-9.803,"S","J"],[773.584,-16.724,-1368.686,-0.79,0,0.613,0,1,0,-0.613,0,-0.79,-12.646,0,-9.802,"S","J"],[773.373,-16.724,-1368.85,-0.796,0,0.605,0,1,0,-0.605,0,-0.796,-12.646,0,-9.802,"S","J"],[773.161,-16.724,-1369.012,-0.804,0,0.595,0,1,0,-0.595,0,-0.804,-12.733,0,-9.689,"S","J"],[772.947,-16.724,-1369.171,-0.815,0,0.58,0,1,0,-0.58,0,-0.815,-12.862,0,-9.516,"S","J"],[772.73,-16.724,-1369.326,-0.825,0,0.565,0,1,0,-0.565,0,-0.825,-13.032,0,-9.282,"S","J"],[772.566,-16.724,-1369.44,-0.833,0,0.554,0,1,0,-0.554,0,-0.833,-13.193,0,-9.052,"S","J"],[772.288,-16.724,-1369.625,-0.84,0,0.542,0,1,0,-0.542,0,-0.84,-13.323,0,-8.86,"S","J"],[772.065,-16.724,-1369.77,-0.847,0,0.531,0,1,0,-0.531,0,-0.847,-13.441,0,-8.68,"S","J"],[771.895,-16.724,-1369.876,-0.855,0,0.519,0,1,0,-0.519,0,-0.855,-13.554,0,-8.503,"S","J"],[771.611,-16.724,-1370.05,-0.862,0,0.508,0,1,0,-0.508,0,-0.862,-13.673,0,-8.309,"S","J"],[771.381,-16.724,-1370.186,-0.866,0,0.5,0,1,0,-0.5,0,-0.866,-13.784,0,-8.124,"S","J"],[771.151,-16.724,-1370.319,-0.871,0,0.492,0,1,0,-0.492,0,-0.871,-13.858,0,-7.998,"S","J"],[770.919,-16.724,-1370.451,-0.873,0,0.488,0,1,0,-0.488,0,-0.873,-13.93,0,-7.872,"S","J"],[770.686,-16.724,-1370.581,-0.873,0,0.488,0,1,0,-0.488,0,-0.873,-13.966,0,-7.807,"S","J"],[770.453,-16.724,-1370.711,-0.875,0,0.484,0,1,0,-0.484,0,-0.875,-13.967,0,-7.806,"S","J"],[770.22,-16.724,-1370.84,-0.877,0,0.48,0,1,0,-0.48,0,-0.877,-14.001,0,-7.744,"S","J"],[769.986,-16.724,-1370.968,-0.882,0,0.472,0,1,0,-0.472,0,-0.882,-14.036,0,-7.68,"S","J"],[769.743,-16.724,-1371.078,-0.919,0,0.394,0,1,0,-0.394,0,-0.919,-14.663,0,-6.401,"S","J"],[769.559,-16.724,-1371.157,-0.919,0,0.394,0,1,0,-0.394,0,-0.919,-14.702,0,-6.313,"S","J"],[769.314,-16.724,-1371.262,-0.919,0,0.394,0,1,0,-0.394,0,-0.919,-14.704,0,-6.308,"S","J"],[769.008,-16.724,-1371.393,-0.919,0,0.394,0,1,0,-0.394,0,-0.919,-14.704,0,-6.308,"S","J"],[768.824,-16.724,-1371.472,-0.919,0,0.394,0,1,0,-0.394,0,-0.919,-14.704,0,-6.308,"S","J"],[768.518,-16.724,-1371.603,-0.919,0,0.394,0,1,0,-0.394,0,-0.919,"v","S","J"],[768.272,-16.724,-1371.708,-0.919,0,0.394,0,1,0,-0.394,0,-0.919,"v","S","J"],[768.027,-16.724,-1371.813,-0.919,0,0.394,0,1,0,-0.394,0,-0.919,"v","S","J"],[767.782,-16.724,-1371.918,-0.921,0,0.39,0,1,0,-0.39,0,-0.921,"v","S","J"],[767.537,-16.724,-1372.022,-0.923,0,0.386,0,1,0,-0.386,0,-0.923,-14.732,0,-6.243,"S","J"],[767.291,-16.724,-1372.125,-0.924,0,0.382,0,1,0,-0.382,0,-0.924,-14.76,0,-6.176,"S","J"],[767.106,-16.724,-1372.202,-0.926,0,0.378,0,1,0,-0.378,0,-0.926,-14.787,0,-6.111,"S","J"],[766.859,-16.724,-1372.302,-0.928,0,0.373,0,1,0,-0.373,0,-0.928,-14.815,0,-6.042,"S","J"],[766.55,-16.724,-1372.427,-0.928,0,0.373,0,1,0,-0.373,0,-0.928,-14.843,0,-5.974,"S","J"],[766.303,-16.724,-1372.527,-0.928,0,0.373,0,1,0,-0.373,0,-0.928,-14.843,0,-5.973,"S","J"],[766.055,-16.724,-1372.626,-0.928,0,0.373,0,1,0,-0.373,0,-0.928,-14.843,0,-5.973,"S","J"],[765.808,-16.724,-1372.726,-0.928,0,0.373,0,1,0,-0.373,0,-0.928,"v","S","J"],[765.561,-16.724,-1372.826,-0.928,0,0.373,0,1,0,-0.373,0,-0.928,"v","S","J"],[765.313,-16.724,-1372.925,-0.928,0,0.373,0,1,0,-0.373,0,-0.928,"v","S","J"],[765.066,-16.724,-1373.025,-0.928,0,0.373,0,1,0,-0.373,0,-0.928,"v","S","J"],[764.819,-16.724,-1373.124,-0.928,0,0.373,0,1,0,-0.373,0,-0.928,"v","S","J"],[764.572,-16.724,-1373.224,-0.928,0,0.373,0,1,0,-0.373,0,-0.928,"v","S","J"],[764.324,-16.724,-1373.324,-0.928,0,0.373,0,1,0,-0.373,0,-0.928,"v","S","J"],[764.077,-16.724,-1373.423,-0.928,0,0.373,0,1,0,-0.373,0,-0.928,"v","S","J"],[763.83,-16.724,-1373.523,-0.928,0,0.373,0,1,0,-0.373,0,-0.928,"v","S","J"],[763.582,-16.724,-1373.622,-0.928,0,0.373,0,1,0,-0.373,0,-0.928,"v","S","J"],[763.335,-16.724,-1373.722,-0.928,0,0.373,0,1,0,-0.373,0,-0.928,"v","S","J"],[763.088,-16.724,-1373.822,-0.928,0,0.373,0,1,0,-0.373,0,-0.928,"v","S","J"],[762.84,-16.724,-1373.921,-0.928,0,0.373,0,1,0,-0.373,0,-0.928,"v","S","J"],[762.593,-16.724,-1374.021,-0.928,0,0.373,0,1,0,-0.373,0,-0.928,"v","S","J"],[762.346,-16.724,-1374.12,-0.928,0,0.373,0,1,0,-0.373,0,-0.928,"v","S","J"],[762.098,-16.724,-1374.22,-0.928,0,0.373,0,1,0,-0.373,0,-0.928,-14.843,0,-5.973,"S","J"],[761.851,-16.724,-1374.32,-0.928,0,0.373,0,1,0,-0.373,0,-0.928,-14.843,0,-5.973,"S","J"],[761.604,-16.724,-1374.419,-0.928,0,0.373,0,1,0,-0.373,0,-0.928,"v","S","J"],[761.418,-16.724,-1374.494,-0.928,0,0.373,0,1,0,-0.373,0,-0.928,"v","S","J"],[761.171,-16.724,-1374.594,-0.928,0,0.373,0,1,0,-0.373,0,-0.928,"v","S","J"],[760.862,-16.724,-1374.718,-0.928,0,0.373,0,1,0,-0.373,0,-0.928,"v","S","J"],[760.615,-16.724,-1374.818,-0.928,0,0.373,0,1,0,-0.373,0,-0.928,"v","S","J"],[760.429,-16.724,-1374.892,-0.928,0,0.373,0,1,0,-0.373,0,-0.928,"v","S","J"],[760.12,-16.724,-1375.017,-0.928,0,0.373,0,1,0,-0.373,0,-0.928,"v","S","J"],[759.873,-16.724,-1375.117,-0.928,0,0.373,0,1,0,-0.373,0,-0.928,"v","S","J"],[759.625,-16.724,-1375.216,-0.928,0,0.373,0,1,0,-0.373,0,-0.928,"v","S","J"],[759.378,-16.724,-1375.316,-0.928,0,0.373,0,1,0,-0.373,0,-0.928,"v","S","J"],[759.192,-16.724,-1375.391,-0.928,0,0.373,0,1,0,-0.373,0,-0.928,"v","S","J"],[758.945,-16.724,-1375.49,-0.928,0,0.373,0,1,0,-0.373,0,-0.928,"v","S","J"],[758.698,-16.724,-1375.59,-0.928,0,0.373,0,1,0,-0.373,0,-0.928,"v","S","J"],[758.389,-16.724,-1375.714,-0.928,0,0.373,0,1,0,-0.373,0,-0.928,"v","S","J"],[758.203,-16.724,-1375.789,-0.928,0,0.373,0,1,0,-0.373,0,-0.928,"v","S","J"],[757.956,-16.724,-1375.889,-0.928,0,0.373,0,1,0,-0.373,0,-0.928,"v","S","J"],[757.709,-16.724,-1375.988,-0.928,0,0.373,0,1,0,-0.373,0,-0.928,"v","S","J"],[757.399,-16.724,-1376.113,-0.928,0,0.373,0,1,0,-0.373,0,-0.928,-14.843,0,-5.973,"S","J"],[757.214,-16.724,-1376.187,-0.928,0,0.373,0,1,0,-0.373,0,-0.928,-14.843,0,-5.973,"S","J"],[756.967,-16.724,-1376.287,-0.928,0,0.373,0,1,0,-0.373,0,-0.928,"v","S","J"],[756.719,-16.724,-1376.387,-0.928,0,0.373,0,1,0,-0.373,0,-0.928,"v","S","J"],[756.472,-16.724,-1376.486,-0.928,0,0.373,0,1,0,-0.373,0,-0.928,"v","S","J"],[756.163,-16.724,-1376.611,-0.928,0,0.373,0,1,0,-0.373,0,-0.928,"v","S","J"],[755.916,-16.724,-1376.71,-0.928,0,0.373,0,1,0,-0.373,0,-0.928,"v","S","J"],[755.668,-16.724,-1376.81,-0.928,0,0.373,0,1,0,-0.373,0,-0.928,"v","S","J"],[755.421,-16.724,-1376.91,-0.928,0,0.373,0,1,0,-0.373,0,-0.928,"v","S","J"],[755.174,-16.724,-1377.009,-0.928,0,0.373,0,1,0,-0.373,0,-0.928,"v","S","J"],[754.926,-16.724,-1377.109,-0.928,0,0.373,0,1,0,-0.373,0,-0.928,"v","S","J"],[754.679,-16.724,-1377.208,-0.928,0,0.373,0,1,0,-0.373,0,-0.928,"v","S","J"],[754.432,-16.724,-1377.308,-0.928,0,0.373,0,1,0,-0.373,0,-0.928,"v","S","J"],[754.184,-16.724,-1377.408,-0.928,0,0.373,0,1,0,-0.373,0,-0.928,"v","S","J"],[753.937,-16.724,-1377.507,-0.928,0,0.373,0,1,0,-0.373,0,-0.928,"v","S","J"],[753.69,-16.724,-1377.607,-0.928,0,0.373,0,1,0,-0.373,0,-0.928,"v","S","J"],[753.442,-16.724,-1377.706,-0.928,0,0.373,0,1,0,-0.373,0,-0.928,"v","S","J"],[753.257,-16.724,-1377.781,-0.928,0,0.373,0,1,0,-0.373,0,-0.928,"v","S","J"],[753.01,-16.724,-1377.881,-0.928,0,0.373,0,1,0,-0.373,0,-0.928,"v","S","J"],[752.7,-16.724,-1378.005,-0.928,0,0.373,0,1,0,-0.373,0,-0.928,"v","S","J"],[752.515,-16.724,-1378.08,-0.928,0,0.373,0,1,0,-0.373,0,-0.928,"v","S","J"],[752.206,-16.724,-1378.204,-0.928,0,0.373,0,1,0,-0.373,0,-0.928,"v","S","J"],[751.958,-16.724,-1378.304,-0.928,0,0.373,0,1,0,-0.373,0,-0.928,"v","S","J"],[751.711,-16.724,-1378.404,-0.928,0,0.373,0,1,0,-0.373,0,-0.928,"v","S","J"],[751.526,-16.724,-1378.478,-0.928,0,0.373,0,1,0,-0.373,0,-0.928,"v","S","J"],[751.217,-16.724,-1378.603,-0.928,0,0.373,0,1,0,-0.373,0,-0.928,"v","S","J"],[751.031,-16.724,-1378.678,-0.928,0,0.373,0,1,0,-0.373,0,-0.928,"v","S","J"],[750.784,-16.724,-1378.777,-0.928,0,0.373,0,1,0,-0.373,0,-0.928,-14.843,0,-5.973,"S","J"],[750.536,-16.724,-1378.877,-0.928,0,0.373,0,1,0,-0.373,0,-0.928,-14.843,0,-5.973,"S","J"],[750.289,-16.724,-1378.976,-0.928,0,0.373,0,1,0,-0.373,0,-0.928,"v","S","J"],[750.042,-16.724,-1379.076,-0.928,0,0.373,0,1,0,-0.373,0,-0.928,"v","S","J"],[749.794,-16.724,-1379.176,-0.928,0,0.373,0,1,0,-0.373,0,-0.928,"v","S","J"],[749.547,-16.724,-1379.275,-0.928,0,0.373,0,1,0,-0.373,0,-0.928,"v","S","J"],[749.238,-16.724,-1379.4,-0.928,0,0.373,0,1,0,-0.373,0,-0.928,"v","S","J"],[749.053,-16.724,-1379.474,-0.928,0,0.373,0,1,0,-0.373,0,-0.928,"v","S","J"],[748.743,-16.724,-1379.599,-0.928,0,0.373,0,1,0,-0.373,0,-0.928,"v","S","J"],[748.496,-16.724,-1379.699,-0.928,0,0.373,0,1,0,-0.373,0,-0.928,"v","S","J"],[748.249,-16.724,-1379.798,-0.928,0,0.373,0,1,0,-0.373,0,-0.928,"v","S","J"],[748.001,-16.724,-1379.898,-0.928,0,0.373,0,1,0,-0.373,0,-0.928,"v","S","J"],[747.754,-16.724,-1379.997,-0.928,0,0.373,0,1,0,-0.373,0,-0.928,"v","S","J"],[747.507,-16.724,-1380.097,-0.928,0,0.373,0,1,0,-0.373,0,-0.928,"v","S","J"],[747.26,-16.724,-1380.197,-0.928,0,0.373,0,1,0,-0.373,0,-0.928,"v","S","J"],[747.074,-16.724,-1380.271,-0.928,0,0.373,0,1,0,-0.373,0,-0.928,"v","S","J"],[746.765,-16.724,-1380.396,-0.928,0,0.373,0,1,0,-0.373,0,-0.928,"v","S","J"],[746.579,-16.724,-1380.471,-0.928,0,0.373,0,1,0,-0.373,0,-0.928,"v","S","J"],[746.332,-16.724,-1380.57,-0.928,0,0.373,0,1,0,-0.373,0,-0.928,"v","S","J"],[746.085,-16.724,-1380.67,-0.928,0,0.373,0,1,0,-0.373,0,-0.928,"v","S","J"],[745.776,-16.724,-1380.794,-0.928,0,0.373,0,1,0,-0.373,0,-0.928,"v","S","J"],[745.528,-16.724,-1380.894,-0.928,0,0.373,0,1,0,-0.373,0,-0.928,"v","S","J"],[745.281,-16.724,-1380.994,-0.928,0,0.373,0,1,0,-0.373,0,-0.928,"v","S","J"],[745.034,-16.724,-1381.093,-0.928,0,0.373,0,1,0,-0.373,0,-0.928,"v","S","J"],[744.786,-16.724,-1381.193,-0.928,0,0.373,0,1,0,-0.373,0,-0.928,"v","S","J"],[744.539,-16.724,-1381.292,-0.928,0,0.373,0,1,0,-0.373,0,-0.928,"v","S","J"],[744.354,-16.724,-1381.367,-0.928,0,0.373,0,1,0,-0.373,0,-0.928,-14.843,0,-5.973,"S","J"],[744.106,-16.724,-1381.467,-0.928,0,0.373,0,1,0,-0.373,0,-0.928,-14.843,0,-5.973,"S","J"],[743.859,-16.724,-1381.566,-0.928,0,0.373,0,1,0,-0.373,0,-0.928,"v","S","J"],[743.612,-16.724,-1381.666,-0.928,0,0.373,0,1,0,-0.373,0,-0.928,"v","S","J"],[743.364,-16.724,-1381.766,-0.928,0,0.373,0,1,0,-0.373,0,-0.928,"v","S","J"],[743.117,-16.724,-1381.865,-0.928,0,0.373,0,1,0,-0.373,0,-0.928,"v","S","J"],[742.808,-16.724,-1381.99,-0.928,0,0.373,0,1,0,-0.373,0,-0.928,-14.843,0,-5.973,"S","J"],[742.561,-16.724,-1382.089,-0.928,0,0.373,0,1,0,-0.373,0,-0.928,-14.843,0,-5.973,"S","J"],[742.313,-16.724,-1382.189,-0.928,0,0.373,0,1,0,-0.373,0,-0.928,"v","S","J"],[742.066,-16.724,-1382.288,-0.928,0,0.373,0,1,0,-0.373,0,-0.928,"v","S","J"],[741.819,-16.724,-1382.388,-0.928,0,0.373,0,1,0,-0.373,0,-0.928,"v","S","J"],[741.571,-16.724,-1382.488,-0.928,0,0.373,0,1,0,-0.373,0,-0.928,"v","S","J"],[741.386,-16.724,-1382.562,-0.928,0,0.373,0,1,0,-0.373,0,-0.928,"v","S","J"],[741.138,-16.724,-1382.662,-0.928,0,0.373,0,1,0,-0.373,0,-0.928,"v","S","J"],[740.891,-16.724,-1382.762,-0.928,0,0.373,0,1,0,-0.373,0,-0.928,"v","S","J"],[740.644,-16.724,-1382.861,-0.928,0,0.373,0,1,0,-0.373,0,-0.928,"v","S","J"],[740.397,-16.724,-1382.961,-0.928,0,0.373,0,1,0,-0.373,0,-0.928,"v","S","J"],[740.149,-16.724,-1383.06,-0.928,0,0.373,0,1,0,-0.373,0,-0.928,"v","S","J"],["s","v","S","J"],[739.892,-16.724,-1383.129,-0.974,0,0.229,0,1,0,-0.229,0,-0.974,-15.537,0,-3.806,"S","J"],[739.568,-16.724,-1383.207,-0.973,0,0.232,0,1,0,-0.232,0,-0.973,-15.551,0,-3.763,"S","J"],[739.308,-16.724,-1383.269,-0.972,0,0.235,0,1,0,-0.235,0,-0.972,-15.551,0,-3.762,"S","J"],[739.049,-16.724,-1383.332,-0.972,0,0.235,0,1,0,-0.235,0,-0.972,-15.551,0,-3.762,"S","J"],[738.79,-16.724,-1383.394,-0.972,0,0.235,0,1,0,-0.235,0,-0.972,"v","S","J"],[738.531,-16.724,-1383.457,-0.972,0,0.235,0,1,0,-0.235,0,-0.972,"v","S","J"],[738.271,-16.724,-1383.519,-0.972,0,0.235,0,1,0,-0.235,0,-0.972,"v","S","J"],[738.077,-16.724,-1383.566,-0.972,0,0.235,0,1,0,-0.235,0,-0.972,"v","S","J"],[737.818,-16.724,-1383.629,-0.972,0,0.235,0,1,0,-0.235,0,-0.972,"v","S","J"],[737.558,-16.724,-1383.691,-0.972,0,0.235,0,1,0,-0.235,0,-0.972,-15.551,0,-3.762,"S","J"],[737.299,-16.724,-1383.754,-0.972,0,0.235,0,1,0,-0.235,0,-0.972,-15.551,0,-3.762,"S","J"],[737.04,-16.724,-1383.816,-0.972,0,0.235,0,1,0,-0.235,0,-0.972,"v","S","J"],[736.78,-16.724,-1383.879,-0.972,0,0.235,0,1,0,-0.235,0,-0.972,"v","S","J"],[736.456,-16.724,-1383.957,-0.972,0,0.235,0,1,0,-0.235,0,-0.972,"v","S","J"],[736.262,-16.724,-1384.004,-0.972,0,0.235,0,1,0,-0.235,0,-0.972,"v","S","J"],[735.938,-16.724,-1384.082,-0.972,0,0.235,0,1,0,-0.235,0,-0.972,"v","S","J"],[735.679,-16.724,-1384.144,-0.972,0,0.235,0,1,0,-0.235,0,-0.972,"v","S","J"],[735.484,-16.724,-1384.191,-0.972,0,0.235,0,1,0,-0.235,0,-0.972,"v","S","J"],[735.16,-16.724,-1384.269,-0.972,0,0.235,0,1,0,-0.235,0,-0.972,"v","S","J"],[734.901,-16.724,-1384.332,-0.972,0,0.235,0,1,0,-0.235,0,-0.972,"v","S","J"],[734.706,-16.724,-1384.379,-0.972,0,0.235,0,1,0,-0.235,0,-0.972,"v","S","J"],["s","v","S","J"],[734.446,-16.724,-1384.437,-0.977,0,0.213,0,1,0,-0.213,0,-0.977,-15.631,0,-3.415,"S","J"],[734.185,-16.724,-1384.493,-0.977,0,0.213,0,1,0,-0.213,0,-0.977,-15.633,0,-3.409,"S","J"],[733.925,-16.724,-1384.55,-0.977,0,0.213,0,1,0,-0.213,0,-0.977,-15.633,0,-3.409,"S","J"],[733.664,-16.724,-1384.606,-0.977,0,0.213,0,1,0,-0.213,0,-0.977,-15.633,0,-3.408,"S","J"],[733.404,-16.724,-1384.663,-0.977,0,0.213,0,1,0,-0.213,0,-0.977,"v","S","J"],[733.143,-16.724,-1384.72,-0.977,0,0.213,0,1,0,-0.213,0,-0.977,"v","S","J"],[732.948,-16.724,-1384.762,-0.977,0,0.213,0,1,0,-0.213,0,-0.977,"v","S","J"],[732.688,-16.724,-1384.819,-0.977,0,0.213,0,1,0,-0.213,0,-0.977,"v","S","J"],[732.427,-16.724,-1384.875,-0.977,0,0.213,0,1,0,-0.213,0,-0.977,"v","S","J"],[732.167,-16.724,-1384.932,-0.977,0,0.213,0,1,0,-0.213,0,-0.977,"v","S","J"],[731.906,-16.724,-1384.989,-0.977,0,0.213,0,1,0,-0.213,0,-0.977,"v","S","J"],[731.646,-16.724,-1385.045,-0.977,0,0.213,0,1,0,-0.213,0,-0.977,"v","S","J"],[731.32,-16.724,-1385.116,-0.977,0,0.213,0,1,0,-0.213,0,-0.977,"v","S","J"],[731.059,-16.724,-1385.173,-0.977,0,0.213,0,1,0,-0.213,0,-0.977,"v","S","J"],[730.799,-16.724,-1385.229,-0.977,0,0.213,0,1,0,-0.213,0,-0.977,"v","S","J"],[730.538,-16.724,-1385.286,-0.978,0,0.209,0,1,0,-0.209,0,-0.978,"v","S","J"],[730.278,-16.724,-1385.342,-0.978,0,0.209,0,1,0,-0.209,0,-0.978,-15.648,0,-3.339,"S","J"],[730.017,-16.724,-1385.398,-0.978,0,0.209,0,1,0,-0.209,0,-0.978,-15.648,0,-3.338,"S","J"],[729.821,-16.724,-1385.439,-0.978,0,0.209,0,1,0,-0.209,0,-0.978,-15.648,0,-3.338,"S","J"],[729.495,-16.724,-1385.509,-0.978,0,0.209,0,1,0,-0.209,0,-0.978,-15.648,0,-3.338,"S","J"],[729.3,-16.724,-1385.551,-0.978,0,0.209,0,1,0,-0.209,0,-0.978,"v","S","J"],[728.974,-16.724,-1385.62,-0.978,0,0.209,0,1,0,-0.209,0,-0.978,"v","S","J"],[728.778,-16.724,-1385.662,-0.978,0,0.209,0,1,0,-0.209,0,-0.978,"v","S","J"],[728.518,-16.724,-1385.718,-0.979,0,0.204,0,1,0,-0.204,0,-0.979,"v","S","J"],[728.257,-16.724,-1385.772,-0.979,0,0.204,0,1,0,-0.204,0,-0.979,-15.663,0,-3.268,"S","J"],[727.93,-16.724,-1385.84,-0.979,0,0.204,0,1,0,-0.204,0,-0.979,-15.663,0,-3.266,"S","J"],[727.669,-16.724,-1385.895,-0.979,0,0.204,0,1,0,-0.204,0,-0.979,-15.663,0,-3.266,"S","J"],[727.409,-16.724,-1385.949,-0.979,0,0.204,0,1,0,-0.204,0,-0.979,"v","S","J"],[727.148,-16.724,-1386.003,-0.979,0,0.204,0,1,0,-0.204,0,-0.979,-15.663,0,-3.266,"S","J"],[726.887,-16.724,-1386.057,-0.979,0,0.204,0,1,0,-0.204,0,-0.979,"v","S","J"],[726.691,-16.724,-1386.098,-0.979,0,0.204,0,1,0,-0.204,0,-0.979,"v","S","J"],[726.365,-16.724,-1386.166,-0.979,0,0.204,0,1,0,-0.204,0,-0.979,"v","S","J"],[726.104,-16.724,-1386.22,-0.979,0,0.204,0,1,0,-0.204,0,-0.979,"v","S","J"],[725.908,-16.724,-1386.26,-0.979,0,0.204,0,1,0,-0.204,0,-0.979,"v","S","J"],[725.647,-16.724,-1386.315,-0.979,0,0.204,0,1,0,-0.204,0,-0.979,"v","S","J"],[725.386,-16.724,-1386.369,-0.979,0,0.204,0,1,0,-0.204,0,-0.979,"v","S","J"],[725.06,-16.724,-1386.437,-0.979,0,0.204,0,1,0,-0.204,0,-0.979,"v","S","J"],[724.864,-16.724,-1386.477,-0.979,0,0.204,0,1,0,-0.204,0,-0.979,"v","S","J"],[724.603,-16.724,-1386.531,-0.979,0,0.204,0,1,0,-0.204,0,-0.979,"v","S","J"],[724.342,-16.724,-1386.586,-0.979,0,0.204,0,1,0,-0.204,0,-0.979,"v","S","J"],[724.081,-16.724,-1386.64,-0.98,0,0.2,0,1,0,-0.2,0,-0.98,-15.663,0,-3.266,"S","J"],[723.754,-16.724,-1386.706,-0.981,0,0.195,0,1,0,-0.195,0,-0.981,-15.678,0,-3.196,"S","J"],[723.558,-16.724,-1386.746,-0.982,0,0.191,0,1,0,-0.191,0,-0.982,-15.691,0,-3.128,"S","J"],[723.297,-16.724,-1386.797,-0.982,0,0.191,0,1,0,-0.191,0,-0.982,-15.706,0,-3.054,"S","J"],[723.035,-16.724,-1386.848,-0.982,0,0.191,0,1,0,-0.191,0,-0.982,-15.706,0,-3.053,"S","J"],[722.773,-16.724,-1386.898,-0.982,0,0.191,0,1,0,-0.191,0,-0.982,-15.706,0,-3.053,"S","J"],[722.511,-16.724,-1386.949,-0.982,0,0.191,0,1,0,-0.191,0,-0.982,-15.706,0,-3.053,"S","J"],[722.25,-16.724,-1387,-0.982,0,0.191,0,1,0,-0.191,0,-0.982,"v","S","J"],[721.923,-16.724,-1387.063,-0.982,0,0.191,0,1,0,-0.191,0,-0.982,"v","S","J"],[721.661,-16.724,-1387.114,-0.982,0,0.191,0,1,0,-0.191,0,-0.982,"v","S","J"],[721.399,-16.724,-1387.165,-0.982,0,0.186,0,1,0,-0.186,0,-0.982,"v","S","J"],[721.137,-16.724,-1387.215,-0.982,0,0.186,0,1,0,-0.186,0,-0.982,-15.719,0,-2.983,"S","J"],[720.875,-16.724,-1387.265,-0.982,0,0.186,0,1,0,-0.186,0,-0.982,-15.72,0,-2.982,"S","J"],[720.613,-16.724,-1387.314,-0.982,0,0.186,0,1,0,-0.186,0,-0.982,-15.72,0,-2.982,"S","J"],[720.417,-16.724,-1387.352,-0.982,0,0.186,0,1,0,-0.186,0,-0.982,-15.72,0,-2.982,"S","J"],[720.155,-16.724,-1387.402,-0.982,0,0.186,0,1,0,-0.186,0,-0.982,"v","S","J"],[719.893,-16.724,-1387.451,-0.982,0,0.186,0,1,0,-0.186,0,-0.982,"v","S","J"],[719.631,-16.724,-1387.501,-0.982,0,0.186,0,1,0,-0.186,0,-0.982,"v","S","J"],[719.369,-16.724,-1387.551,-0.982,0,0.186,0,1,0,-0.186,0,-0.982,"v","S","J"],[719.107,-16.724,-1387.601,-0.982,0,0.186,0,1,0,-0.186,0,-0.982,"v","S","J"],[718.845,-16.724,-1387.651,-0.982,0,0.186,0,1,0,-0.186,0,-0.982,"v","S","J"],[718.583,-16.724,-1387.7,-0.982,0,0.186,0,1,0,-0.186,0,-0.982,"v","S","J"],[718.256,-16.724,-1387.763,-0.982,0,0.186,0,1,0,-0.186,0,-0.982,"v","S","J"],[717.994,-16.724,-1387.812,-0.982,0,0.186,0,1,0,-0.186,0,-0.982,"v","S","J"],[717.732,-16.724,-1387.862,-0.982,0,0.186,0,1,0,-0.186,0,-0.982,"v","S","J"],[717.47,-16.724,-1387.912,-0.983,0,0.182,0,1,0,-0.182,0,-0.983,"v","S","J"],[717.207,-16.724,-1387.961,-0.983,0,0.182,0,1,0,-0.182,0,-0.983,-15.733,0,-2.912,"S","J"],[717.011,-16.724,-1387.997,-0.983,0,0.182,0,1,0,-0.182,0,-0.983,-15.733,0,-2.91,"S","J"],[716.749,-16.724,-1388.045,-0.983,0,0.182,0,1,0,-0.182,0,-0.983,-15.733,0,-2.91,"S","J"],[716.421,-16.724,-1388.106,-0.983,0,0.182,0,1,0,-0.182,0,-0.983,-15.733,0,-2.91,"S","J"],[716.159,-16.724,-1388.154,-0.983,0,0.182,0,1,0,-0.182,0,-0.983,"v","S","J"],[715.962,-16.724,-1388.19,-0.983,0,0.182,0,1,0,-0.182,0,-0.983,"v","S","J"],[715.7,-16.724,-1388.239,-0.983,0,0.182,0,1,0,-0.182,0,-0.983,"v","S","J"],[715.372,-16.724,-1388.299,-0.983,0,0.182,0,1,0,-0.182,0,-0.983,"v","S","J"],[715.175,-16.724,-1388.335,-0.983,0,0.182,0,1,0,-0.182,0,-0.983,"v","S","J"],[714.913,-16.724,-1388.384,-0.983,0,0.182,0,1,0,-0.182,0,-0.983,"v","S","J"],[714.651,-16.724,-1388.432,-0.983,0,0.182,0,1,0,-0.182,0,-0.983,"v","S","J"],[714.323,-16.724,-1388.492,-0.983,0,0.182,0,1,0,-0.182,0,-0.983,"v","S","J"],[714.127,-16.724,-1388.529,-0.983,0,0.182,0,1,0,-0.182,0,-0.983,"v","S","J"],[713.864,-16.724,-1388.577,-0.983,0,0.182,0,1,0,-0.182,0,-0.983,-15.733,0,-2.91,"S","J"],[713.602,-16.724,-1388.625,-0.983,0,0.182,0,1,0,-0.182,0,-0.983,-15.733,0,-2.91,"S","J"],[713.34,-16.724,-1388.674,-0.983,0,0.182,0,1,0,-0.182,0,-0.983,"v","S","J"],[713.078,-16.724,-1388.722,-0.983,0,0.182,0,1,0,-0.182,0,-0.983,"v","S","J"],[712.815,-16.724,-1388.77,-0.983,0,0.182,0,1,0,-0.182,0,-0.983,"v","S","J"],[712.488,-16.724,-1388.831,-0.983,0,0.182,0,1,0,-0.182,0,-0.983,"v","S","J"],[712.226,-16.724,-1388.879,-0.983,0,0.182,0,1,0,-0.182,0,-0.983,-15.733,0,-2.91,"S","J"],[711.963,-16.724,-1388.927,-0.983,0,0.182,0,1,0,-0.182,0,-0.983,-15.733,0,-2.91,"S","J"],[711.701,-16.724,-1388.976,-0.983,0,0.182,0,1,0,-0.182,0,-0.983,"v","S","J"],[711.439,-16.724,-1389.024,-0.983,0,0.182,0,1,0,-0.182,0,-0.983,"v","S","J"],[711.177,-16.724,-1389.073,-0.983,0,0.182,0,1,0,-0.182,0,-0.983,"v","S","J"],[710.98,-16.724,-1389.109,-0.983,0,0.182,0,1,0,-0.182,0,-0.983,"v","S","J"],[710.718,-16.724,-1389.157,-0.983,0,0.182,0,1,0,-0.182,0,-0.983,"v","S","J"],[710.456,-16.724,-1389.205,-0.983,0,0.182,0,1,0,-0.182,0,-0.983,-15.733,0,-2.91,"S","J"],[710.193,-16.724,-1389.254,-0.983,0,0.182,0,1,0,-0.182,0,-0.983,-15.733,0,-2.91,"S","J"],[709.931,-16.724,-1389.302,-0.983,0,0.182,0,1,0,-0.182,0,-0.983,"v","S","J"],[709.669,-16.724,-1389.35,-0.982,0,0.186,0,1,0,-0.186,0,-0.982,"v","S","J"],[709.407,-16.724,-1389.4,-0.982,0,0.186,0,1,0,-0.186,0,-0.982,-15.72,0,-2.98,"S","J"],[709.08,-16.724,-1389.462,-0.982,0,0.186,0,1,0,-0.186,0,-0.982,-15.72,0,-2.982,"S","J"],[708.883,-16.724,-1389.5,-0.982,0,0.186,0,1,0,-0.186,0,-0.982,-15.72,0,-2.982,"S","J"],[708.621,-16.724,-1389.549,-0.982,0,0.186,0,1,0,-0.186,0,-0.982,-15.72,0,-2.982,"S","J"],[708.294,-16.724,-1389.612,-0.982,0,0.186,0,1,0,-0.186,0,-0.982,"v","S","J"],[708.097,-16.724,-1389.649,-0.982,0,0.186,0,1,0,-0.186,0,-0.982,"v","S","J"],[707.835,-16.724,-1389.699,-0.982,0,0.186,0,1,0,-0.186,0,-0.982,"v","S","J"],[707.573,-16.724,-1389.749,-0.982,0,0.186,0,1,0,-0.186,0,-0.982,"v","S","J"],[707.311,-16.724,-1389.798,-0.982,0,0.191,0,1,0,-0.191,0,-0.982,"v","S","J"],[706.984,-16.724,-1389.862,-0.982,0,0.191,0,1,0,-0.191,0,-0.982,-15.706,0,-3.052,"S","J"],[706.788,-16.724,-1389.9,-0.982,0,0.191,0,1,0,-0.191,0,-0.982,-15.706,0,-3.053,"S","J"],[706.526,-16.724,-1389.951,-0.982,0,0.191,0,1,0,-0.191,0,-0.982,-15.706,0,-3.053,"S","J"],[706.264,-16.724,-1390.001,-0.982,0,0.191,0,1,0,-0.191,0,-0.982,-15.706,0,-3.053,"S","J"],[706.003,-16.724,-1390.052,-0.982,0,0.191,0,1,0,-0.191,0,-0.982,"v","S","J"],[705.676,-16.724,-1390.116,-0.982,0,0.191,0,1,0,-0.191,0,-0.982,"v","S","J"],[705.414,-16.724,-1390.167,-0.982,0,0.191,0,1,0,-0.191,0,-0.982,"v","S","J"],[705.152,-16.724,-1390.217,-0.982,0,0.191,0,1,0,-0.191,0,-0.982,"v","S","J"],[704.89,-16.724,-1390.268,-0.982,0,0.191,0,1,0,-0.191,0,-0.982,"v","S","J"],[704.694,-16.724,-1390.306,-0.982,0,0.191,0,1,0,-0.191,0,-0.982,"v","S","J"],[704.432,-16.724,-1390.357,-0.982,0,0.191,0,1,0,-0.191,0,-0.982,"v","S","J"],[704.171,-16.724,-1390.408,-0.982,0,0.191,0,1,0,-0.191,0,-0.982,"v","S","J"],[703.909,-16.724,-1390.458,-0.982,0,0.191,0,1,0,-0.191,0,-0.982,"v","S","J"],[703.647,-16.724,-1390.509,-0.982,0,0.191,0,1,0,-0.191,0,-0.982,-15.706,0,-3.053,"S","J"],[703.385,-16.724,-1390.56,-0.982,0,0.191,0,1,0,-0.191,0,-0.982,-15.706,0,-3.053,"S","J"],[703.058,-16.724,-1390.624,-0.982,0,0.191,0,1,0,-0.191,0,-0.982,"v","S","J"],[702.862,-16.724,-1390.662,-0.982,0,0.191,0,1,0,-0.191,0,-0.982,"v","S","J"],[702.535,-16.724,-1390.725,-0.982,0,0.191,0,1,0,-0.191,0,-0.982,"v","S","J"],[702.273,-16.724,-1390.776,-0.982,0,0.191,0,1,0,-0.191,0,-0.982,"v","S","J"],[702.011,-16.724,-1390.827,-0.982,0,0.191,0,1,0,-0.191,0,-0.982,"v","S","J"],[701.75,-16.724,-1390.877,-0.982,0,0.191,0,1,0,-0.191,0,-0.982,"v","S","J"],[701.553,-16.724,-1390.916,-0.982,0,0.191,0,1,0,-0.191,0,-0.982,"v","S","J"],[701.292,-16.724,-1390.966,-0.981,0,0.195,0,1,0,-0.195,0,-0.981,"v","S","J"],[701.03,-16.724,-1391.018,-0.981,0,0.195,0,1,0,-0.195,0,-0.981,-15.692,0,-3.123,"S","J"],[700.769,-16.724,-1391.071,-0.981,0,0.195,0,1,0,-0.195,0,-0.981,-15.692,0,-3.124,"S","J"],[700.507,-16.724,-1391.123,-0.981,0,0.195,0,1,0,-0.195,0,-0.981,-15.692,0,-3.124,"S","J"],[700.246,-16.724,-1391.175,-0.981,0,0.195,0,1,0,-0.195,0,-0.981,-15.692,0,-3.124,"S","J"],[699.919,-16.724,-1391.24,-0.981,0,0.195,0,1,0,-0.195,0,-0.981,-15.692,0,-3.124,"S","J"],[699.657,-16.724,-1391.293,-0.981,0,0.195,0,1,0,-0.195,0,-0.981,"v","S","J"],[699.396,-16.724,-1391.345,-0.981,0,0.195,0,1,0,-0.195,0,-0.981,"v","S","J"],[699.2,-16.724,-1391.384,-0.981,0,0.195,0,1,0,-0.195,0,-0.981,"v","S","J"],[698.938,-16.724,-1391.436,-0.981,0,0.195,0,1,0,-0.195,0,-0.981,"v","S","J"],[698.677,-16.724,-1391.489,-0.981,0,0.195,0,1,0,-0.195,0,-0.981,"v","S","J"],[698.415,-16.724,-1391.541,-0.981,0,0.195,0,1,0,-0.195,0,-0.981,-15.692,0,-3.124,"S","J"],[698.154,-16.724,-1391.593,-0.981,0,0.195,0,1,0,-0.195,0,-0.981,-15.692,0,-3.124,"S","J"],[697.893,-16.724,-1391.645,-0.981,0,0.195,0,1,0,-0.195,0,-0.981,"v","S","J"],[697.631,-16.724,-1391.698,-0.981,0,0.195,0,1,0,-0.195,0,-0.981,"v","S","J"],[697.37,-16.724,-1391.75,-0.981,0,0.195,0,1,0,-0.195,0,-0.981,"v","S","J"],[697.108,-16.724,-1391.802,-0.981,0,0.195,0,1,0,-0.195,0,-0.981,"v","S","J"],[696.847,-16.724,-1391.854,-0.981,0,0.195,0,1,0,-0.195,0,-0.981,-15.692,0,-3.124,"S","J"],[696.52,-16.724,-1391.92,-0.981,0,0.195,0,1,0,-0.195,0,-0.981,-15.692,0,-3.124,"S","J"],["s","v","S","J"],[696.281,-16.724,-1392.034,0.553,0,0.833,0,1,0,-0.833,0,0.553,-14.083,0,-7.557,"S","J"],[696.047,-16.724,-1392.161,0.509,0,0.861,0,1,0,-0.861,0,0.509,-14.043,0,-7.667,"S","J"],[695.812,-16.724,-1392.289,0.483,0,0.876,0,1,0,-0.876,0,0.483,-14.042,0,-7.669,"S","J"],[695.578,-16.724,-1392.417,0.48,0,0.877,0,1,0,-0.877,0,0.48,-14.042,0,-7.669,"S","J"],[695.403,-16.724,-1392.513,0.479,0,0.878,0,1,0,-0.878,0,0.479,-14.042,0,-7.669,"S","J"],[695.169,-16.724,-1392.641,0.479,0,0.878,0,1,0,-0.878,0,0.479,"v","S","J"],[694.934,-16.724,-1392.769,0.479,0,0.878,0,1,0,-0.878,0,0.479,"v","S","J"],[694.7,-16.724,-1392.897,0.479,0,0.878,0,1,0,-0.878,0,0.479,"v","S","J"],[694.466,-16.724,-1393.025,0.479,0,0.878,0,1,0,-0.878,0,0.479,-14.042,0,-7.669,"S","J"],[694.232,-16.724,-1393.153,0.479,0,0.878,0,1,0,-0.878,0,0.479,-14.042,0,-7.669,"S","J"],[693.998,-16.724,-1393.281,0.479,0,0.878,0,1,0,-0.878,0,0.479,"v","S","J"],[693.764,-16.724,-1393.408,0.479,0,0.878,0,1,0,-0.878,0,0.479,"v","S","J"],[693.53,-16.724,-1393.536,0.479,0,0.878,0,1,0,-0.878,0,0.479,"v","S","J"],[693.296,-16.724,-1393.664,0.479,0,0.878,0,1,0,-0.878,0,0.479,"v","S","J"],[693.061,-16.724,-1393.792,0.479,0,0.878,0,1,0,-0.878,0,0.479,"v","S","J"],[692.827,-16.724,-1393.92,0.479,0,0.878,0,1,0,-0.878,0,0.479,-14.042,0,-7.669,"S","J"],[692.593,-16.724,-1394.048,0.479,0,0.878,0,1,0,-0.878,0,0.479,-14.042,0,-7.669,"S","J"],[692.656,-16.725,-1394.022,0.469,0,0.883,0,1,0,-0.883,0,0.469,0.314,0,-0.205,"S","J"],[692.617,-16.725,-1394.049,0.475,0,0.88,0,1,0,-0.88,0,0.475,3.444,-0.003,1.404,"S","J"],[692.613,-16.726,-1394.057,0.471,0.005,0.882,0,1,-0.006,-0.882,0.003,0.471,-0.402,-0.364,-0.494,"S",1],[692.997,-15.845,-1393.805,-0.835,0.019,0.55,0.019,1,-0.006,-0.55,0.005,-0.835,-0.241,71.02,-0.439,3,"J"],[693.011,-14.661,-1393.801,-0.839,0.025,0.544,0.026,1,-0.007,-0.544,0.008,-0.839,-0.241,71.02,-0.439,"S","J"],[693.061,-13.511,-1393.771,-0.885,0.014,0.465,0.014,1,-0.002,-0.465,0.004,-0.886,1.411,67.756,0.782,5,"J"],[693.106,-12.416,-1393.744,-0.901,0.003,0.434,0.004,1,0,-0.434,0.002,-0.901,3.504,64.483,2.129,"S","J"],[693.186,-11.376,-1393.694,-0.897,0,0.443,0,1,0.001,-0.443,0.001,-0.897,5.572,61.213,3.484,"S","J"],[693.299,-10.389,-1393.622,-0.885,0,0.467,0,1,0,-0.467,0,-0.885,7.548,57.943,4.873,"S","J"],[693.445,-9.458,-1393.525,-0.876,0,0.482,0,1,0,-0.482,0,-0.876,9.41,54.673,6.369,"S","J"],[693.581,-8.581,-1393.432,-0.556,0,0.831,0,1,0,-0.831,0,-0.556,7.433,51.403,5.034,"S","J"],[693.684,-7.758,-1393.363,-0.522,0,0.853,0,1,0,-0.853,0,-0.522,5.458,48.133,3.696,"S","J"],["s","v","S",0],[693.751,-6.99,-1393.296,-0.458,0,0.889,0,1,0,-0.889,0,-0.458,3.116,44.863,4.128,"S","J"],[693.779,-6.276,-1393.223,-0.463,-0.001,0.886,-0.001,1,0.001,-0.886,0,-0.463,0.852,41.593,4.574,"S","J"],[693.761,-5.461,-1393.121,-0.462,0,0.887,0,1,0,-0.887,0,-0.462,-2.069,37.505,5.124,"S","J"],[693.702,-4.87,-1393.031,-0.466,0,0.885,0,1,0,-0.885,0,-0.466,-4.415,34.235,5.576,"S","J"],[693.604,-4.333,-1392.933,-0.477,0,0.879,0,1,0,-0.879,0,-0.477,-6.754,30.965,6.044,"S","J"],[693.624,-3.878,-1392.911,-0.487,0.004,0.873,-0.002,1,-0.006,-0.873,-0.004,-0.487,2.942,25.218,-0.721,"S","J"],[693.649,-3.816,-1392.917,-0.506,0.001,0.863,0,1,-0.001,-0.863,-0.001,-0.506,0.634,0.499,-0.163,12,"J"],["s","v","S",1],[694.244,-3.192,-1393.204,-0.438,-0.002,0.899,0.001,1,0.003,-0.899,0.002,-0.438,35.684,36.212,-17.228,3,"J"],[694.817,-2.623,-1393.482,-0.438,-0.002,0.899,0.001,1,0.002,-0.899,0.002,-0.438,33.602,32.942,-16.257,5,"J"],["s","v","S","J"],[695.354,-2.108,-1393.743,0.897,-0.001,0.441,0.001,1,0.001,-0.441,-0.001,0.897,31.411,29.672,-15.344,"S","J"],[695.855,-1.647,-1393.99,0.913,0,0.408,0,1,0,-0.408,0,0.913,29.187,26.402,-14.477,"S","J"],[696.318,-1.241,-1394.222,0.913,0,0.409,0,1,0,-0.409,0,0.913,26.964,23.132,-13.606,"S","J"],[696.744,-0.89,-1394.44,0.913,0,0.408,0,1,0,-0.408,0,0.913,24.741,19.862,-12.743,"S","J"],[697.133,-0.593,-1394.643,0.913,0,0.408,0,1,0,-0.408,0,0.913,22.52,16.592,-11.879,"S","J"],[697.486,-0.35,-1394.832,0.913,0,0.408,0,1,0,-0.408,0,0.913,20.298,13.322,-11.014,"S","J"],[697.801,-0.162,-1395.007,0.913,0,0.408,0,1,0,-0.408,0,0.913,18.077,10.052,-10.15,"S","J"],[698.079,-0.029,-1395.167,0.913,0,0.408,0,1,0,-0.408,0,0.913,15.856,6.782,-9.286,"S","J"],[698.321,0.05,-1395.312,0.918,0,0.396,0,1,0,-0.396,0,0.918,13.891,3.512,-8.383,"S","J"],[698.55,0.075,-1395.449,0.918,0,0.396,0,1,0,-0.396,0,0.918,13.727,0.242,-8.229,"S","J"],[698.779,0.045,-1395.586,0.918,0,0.396,0,1,0,-0.396,0,0.918,13.723,-3.028,-8.226,"S","J"],[699.008,-0.071,-1395.724,0.875,0,0.484,0,1,0,-0.484,0,0.875,13.723,-8.305,-8.226,7,"J"],[699.237,-0.244,-1395.861,0.856,0,0.517,0,1,0,-0.517,0,0.856,13.723,-11.575,-8.226,"S","J"],[699.444,-0.471,-1395.985,0.857,0,0.516,0,1,0,-0.516,0,0.857,11.679,-14.845,-7.001,8,"J"],[699.639,0.402,-1396.102,0.857,0,0.515,0,1,0,-0.515,0,0.857,11.679,51.365,-7.001,3,"J"],[699.854,1.224,-1396.231,0.901,0,0.433,0,1,0,-0.433,0,0.901,13.532,48.095,-8.111,5,"J"],[700.089,1.992,-1396.343,1,0,0.021,0,1,0,-0.021,0,1,14.429,44.825,-5.903,"S","J"],[700.403,2.875,-1396.431,0.999,0,-0.034,0,1,0,0.034,0,0.999,15.525,40.737,-3.133,"S","J"],[700.6,3.363,-1396.46,1,0,0.018,0,1,0,-0.018,0,1,15.84,38.285,-2.165,"S","J"],[700.865,3.967,-1396.493,1,0,-0.024,0,1,0,0.024,0,1,15.888,35.015,-1.889,"S","J"],[701.13,4.517,-1396.522,0.999,0,-0.038,0,1,0,0.038,0,0.999,15.905,31.745,-1.742,"S","J"],[701.395,5.012,-1396.548,0.999,0,-0.052,0,1,0,0.052,0,0.999,15.927,28.475,-1.527,"S","J"],[701.661,5.453,-1396.57,0.998,0,-0.065,0,1,0,0.065,0,0.998,15.946,25.205,-1.31,"S","J"],[701.927,5.839,-1396.589,0.997,0,-0.079,0,1,0,0.079,0,0.997,15.963,21.935,-1.093,"S","J"],[702.193,6.17,-1396.604,0.995,0,-0.097,0,1,0,0.097,0,0.995,15.976,18.665,-0.875,"S","J"],[702.46,6.447,-1396.614,0.994,0,-0.11,0,1,0,0.11,0,0.994,15.989,15.395,-0.587,"S","J"],[702.727,6.67,-1396.621,0.992,0,-0.124,0,1,0,0.124,0,0.992,15.996,12.125,-0.367,"S","J"],[702.993,6.838,-1396.624,0.992,0,-0.128,0,1,0,0.128,0,0.992,15.999,8.855,-0.15,"S","J"],[703.26,6.951,-1396.625,0.991,0,-0.137,0,1,0,0.137,0,0.991,16,5.585,-0.074,"S","J"],[703.593,7.016,-1396.624,0.985,0,-0.17,0,1,0,0.17,0,0.985,16,1.497,0.072,"S","J"],[703.793,7.015,-1396.623,0.994,0,-0.109,0,1,0,0.109,0,0.994,16,-0.955,0.073,"S","J"],[704.06,6.965,-1396.621,0.99,0,-0.142,0,1,0,0.142,0,0.99,15.999,-4.225,0.144,"S",0],[704.324,6.86,-1396.594,0.951,0,-0.31,0,1,0,0.31,0,0.951,15.773,-7.495,2.516,"S","J"],[704.586,6.701,-1396.547,0.951,0,-0.31,0,1,0,0.31,0,0.951,15.738,-10.765,2.881,"S","J"],[704.914,6.426,-1396.486,0.94,0,-0.341,0,1,0,0.341,0,0.94,15.737,-14.853,2.888,"S","J"],[705.176,6.144,-1396.438,0.951,0,-0.31,0,1,0,0.31,0,0.951,15.737,-18.123,2.888,"S","J"],[705.438,5.808,-1396.39,0.951,0,-0.31,0,1,0,0.31,0,0.951,15.737,-21.393,2.888,"S","J"],[705.701,5.418,-1396.341,0.951,0,-0.31,0,1,0,0.31,0,0.951,15.737,-24.663,2.888,"S","J"],[705.897,5.089,-1396.305,0.961,0,-0.278,0,1,0,0.278,0,0.961,15.737,-27.115,2.888,"S","J"],[706.159,4.603,-1396.257,0.951,0,-0.31,0,1,0,0.31,0,0.951,15.737,-30.385,2.888,"S","J"],[706.422,4.062,-1396.208,0.951,0,-0.31,0,1,0,0.31,0,0.951,15.737,-33.655,2.888,"S","J"],[706.749,4.278,-1396.148,0.977,0,-0.215,0,1,0,0.215,0,0.977,15.737,18.982,2.888,8,"J"],[707.011,4.55,-1396.099,0.983,0,-0.185,0,1,0,0.185,0,0.983,15.724,13.971,2.958,"S","J"],[707.273,4.72,-1396.05,0.983,0,-0.185,0,1,0,0.185,0,0.983,15.724,8.182,2.96,"S","J"],[707.535,4.816,-1396,0.983,0,-0.185,0,1,0,0.185,0,0.983,15.724,4.546,2.96,"S","J"],[707.797,4.869,-1395.951,0.983,0,-0.185,0,1,0,0.185,0,0.983,15.724,2.49,2.96,"S","J"],["s","v","S","J"],[708.059,4.898,-1395.901,0.982,0,-0.189,0,1,0,0.189,0,0.982,15.711,1.358,3.03,"S","J"],[708.321,4.913,-1395.85,0.982,0,-0.189,0,1,0,0.189,0,0.982,15.71,0.74,3.031,"S","J"],[708.583,4.922,-1395.8,0.982,0,-0.189,0,1,0,0.189,0,0.982,15.71,0.403,3.031,"S","J"],["s","v","S","J"],[708.841,4.927,-1395.733,0.966,0,-0.26,0,1,0,0.26,0,0.966,15.454,0.219,4.14,"S","J"],[709.098,4.929,-1395.664,0.966,0,-0.26,0,1,0,0.26,0,0.966,15.449,0.119,4.162,"S","J"],[709.356,4.931,-1395.595,0.966,0,-0.26,0,1,0,0.26,0,0.966,15.449,0.065,4.163,"S","J"],[709.614,4.931,-1395.525,0.966,0,-0.26,0,1,0,0.26,0,0.966,15.449,0.035,4.163,"S",1],[709.871,5.794,-1395.456,0.966,0,-0.26,0,1,0,0.26,0,0.966,15.449,50.547,4.163,3,"J"],[710.129,6.603,-1395.387,0.938,0,-0.348,0,1,0,0.348,0,0.938,15.449,47.277,4.163,5,"J"],[710.386,7.357,-1395.317,0.924,0,-0.382,0,1,0,0.382,0,0.924,15.449,44.007,4.163,"S","J"],[710.644,8.056,-1395.248,0.923,0,-0.386,0,1,0,0.386,0,0.923,15.449,40.737,4.163,"S","J"],[710.901,8.701,-1395.179,0.922,0,-0.386,0,1,0,0.386,0,0.922,15.449,37.467,4.163,"S","J"],[711.159,9.291,-1395.109,0.922,0,-0.386,0,1,0,0.386,0,0.922,15.449,34.197,4.163,"S","J"],[711.417,9.827,-1395.04,0.922,0,-0.386,0,1,0,0.386,0,0.922,15.449,30.927,4.163,"S","J"],[711.674,10.308,-1394.971,0.922,0,-0.386,0,1,0,0.386,0,0.922,15.449,27.657,4.163,"S","J"],[711.932,10.735,-1394.901,0.922,0,-0.386,0,1,0,0.386,0,0.922,15.449,24.387,4.163,"S","J"],[712.189,11.108,-1394.832,0.922,0,-0.386,0,1,0,0.386,0,0.922,15.449,21.117,4.163,"S","J"],[712.447,11.426,-1394.763,0.922,0,-0.386,0,1,0,0.386,0,0.922,15.449,17.847,4.163,"S","J"],[712.704,11.689,-1394.693,0.922,0,-0.386,0,1,0,0.386,0,0.922,15.449,14.577,4.163,"S","J"],[712.962,11.898,-1394.624,0.922,0,-0.386,0,1,0,0.386,0,0.922,15.449,11.307,4.163,"S","J"],["s","v","S",0],[713.21,12.052,-1394.531,0.843,0,-0.538,0,1,0,0.538,0,0.843,14.588,8.037,6.385,"S","J"],[713.448,12.152,-1394.412,0.823,0,-0.569,0,1,0,0.569,0,0.823,14.226,4.767,7.317,"S","J"],[713.685,12.198,-1394.29,0.82,0,-0.572,0,1,0,0.572,0,0.82,14.218,1.497,7.338,"S","J"],[713.923,12.189,-1394.168,0.82,0,-0.573,0,1,0,0.573,0,0.82,14.218,-1.773,7.338,"S","J"],[714.16,12.125,-1394.046,0.82,0,-0.573,0,1,0,0.573,0,0.82,14.218,-5.043,7.338,"S","J"],[714.397,12.007,-1393.923,0.82,0,-0.573,0,1,0,0.573,0,0.82,14.218,-8.313,7.338,"S","J"],[714.634,11.834,-1393.801,0.82,0,-0.573,0,1,0,0.573,0,0.82,14.218,-11.583,7.338,"S","J"],[714.871,11.607,-1393.679,0.82,0,-0.573,0,1,0,0.573,0,0.82,14.218,-14.853,7.338,"S","J"],[715.108,11.326,-1393.557,0.82,0,-0.573,0,1,0,0.573,0,0.82,14.218,-18.123,7.338,8,1],[715.345,12.188,-1393.435,0.517,0,-0.856,0,1,0,0.856,0,0.517,14.218,50.547,7.338,3,"J"],[715.566,12.997,-1393.294,0.509,0,-0.861,0,1,0,0.861,0,0.509,12.71,47.277,9.184,5,"J"],[715.762,13.751,-1393.122,0.502,0,-0.865,0,1,0,0.865,0,0.502,11.188,44.007,11.019,"S","J"],[715.934,14.45,-1392.92,0.494,0,-0.87,0,1,0,0.87,0,0.494,9.881,40.737,12.55,"S","J"],[716.136,15.248,-1392.655,0.46,0,-0.888,0,1,0,0.888,0,0.46,9.68,36.65,12.74,"S","J"],[716.256,15.685,-1392.495,0.511,0,-0.86,0,1,0,0.86,0,0.511,9.623,34.197,12.783,"S","J"],[716.415,16.221,-1392.281,0.478,0,-0.878,0,1,0,0.878,0,0.478,9.506,30.927,12.87,"S","J"],[716.572,16.703,-1392.066,0.47,0,-0.883,0,1,0,0.883,0,0.47,9.446,27.657,12.914,"S","J"],[716.721,17.13,-1391.845,0.437,0,-0.899,0,1,0,0.899,0,0.437,8.861,24.387,13.322,"S","J"],[716.869,17.502,-1391.623,0.437,0,-0.899,0,1,0,0.899,0,0.437,8.85,21.117,13.33,"S","J"],[717.016,17.82,-1391.401,0.437,0,-0.899,0,1,0,0.899,0,0.437,8.85,17.847,13.33,"S","J"],[717.164,18.083,-1391.178,0.437,0,-0.899,0,1,0,0.899,0,0.437,8.85,14.577,13.33,"S","J"],[717.311,18.292,-1390.956,0.437,0,-0.899,0,1,0,0.899,0,0.437,8.85,11.307,13.33,"S","J"],[717.459,18.447,-1390.734,0.437,0,-0.899,0,1,0,0.899,0,0.437,8.85,8.037,13.33,"S","J"],[717.606,18.546,-1390.512,0.437,0,-0.899,0,1,0,0.899,0,0.437,8.85,4.767,13.33,"S","J"],[717.753,18.592,-1390.29,0.437,0,-0.899,0,1,0,0.899,0,0.437,8.85,1.497,13.33,"S","J"],[717.901,18.583,-1390.068,0.437,0,-0.899,0,1,0,0.899,0,0.437,8.85,-1.773,13.33,"S","J"],["s","v","S","J"],[718.035,18.519,-1389.837,0.409,0,-0.913,0,1,0,0.913,0,0.409,7.885,-5.043,13.921,"S","J"],[718.166,18.401,-1389.605,0.376,0,-0.927,0,1,0,0.927,0,0.376,7.86,-8.313,13.936,"S","J"],[718.297,18.228,-1389.372,0.372,0,-0.928,0,1,0,0.928,0,0.372,7.859,-11.583,13.937,"S","J"],[718.428,18.001,-1389.14,0.371,0,-0.929,0,1,0,0.929,0,0.371,7.859,-14.853,13.937,"S","J"],[718.559,17.72,-1388.907,0.371,0,-0.929,0,1,0,0.929,0,0.371,7.859,-18.123,13.937,"S","J"],[718.691,17.384,-1388.675,0.371,0,-0.929,0,1,0,0.929,0,0.371,7.859,-21.393,13.937,"S","J"],[718.795,17.331,-1388.489,0.46,0,-0.888,0,1,0,0.888,0,0.46,6.057,-0.423,10.741,7,"J"],[718.896,17.33,-1388.311,0.489,0,-0.872,0,1,0,0.872,0,0.489,6.021,-0.008,10.677,"S","J"],[718.