[[1243.368,-16.703,-1342.289,0.003,0,1,0,1,0,-1,0,0.003,0,0,0,8,0],["s","v","S","J"],[1243.362,-16.703,-1342.407,0.152,0,0.988,0,1,0,-0.988,0,0.152,-0.514,0,-10.288,"S","J"],[1243.349,-16.703,-1342.662,0.33,0,0.944,0,1,0,-0.944,0,0.33,-0.79,0,-15.816,"S","J"],[1243.336,-16.703,-1342.928,0.476,0,0.879,0,1,0,-0.879,0,0.476,-0.798,0,-15.977,"S","J"],[1243.323,-16.703,-1343.194,0.593,0,0.805,0,1,0,-0.805,0,0.593,-0.798,0,-15.98,"S","J"],[1243.31,-16.703,-1343.461,0.685,0,0.728,0,1,0,-0.728,0,0.685,-0.798,0,-15.98,"S","J"],[1243.296,-16.703,-1343.727,0.757,0,0.653,0,1,0,-0.653,0,0.757,-0.798,0,-15.98,"S","J"],[1243.283,-16.703,-1343.993,0.812,0,0.583,0,1,0,-0.583,0,0.812,-0.798,0,-15.98,"S","J"],[1243.27,-16.703,-1344.26,0.855,0,0.518,0,1,0,-0.518,0,0.855,-0.798,0,-15.98,"S","J"],[1243.257,-16.703,-1344.526,0.888,0,0.46,0,1,0,-0.46,0,0.888,-0.798,0,-15.98,"S","J"],[1243.244,-16.703,-1344.792,0.913,0,0.408,0,1,0,-0.408,0,0.913,-0.798,0,-15.98,"S","J"],[1243.23,-16.703,-1345.059,0.932,0,0.362,0,1,0,-0.362,0,0.932,"v","S","J"],[1243.217,-16.703,-1345.325,0.947,0,0.321,0,1,0,-0.321,0,0.947,"v","S","J"],[1243.204,-16.703,-1345.592,0.958,0,0.285,0,1,0,-0.285,0,0.958,"v","S","J"],[1243.191,-16.703,-1345.858,0.967,0,0.254,0,1,0,-0.254,0,0.967,-0.798,0,-15.98,"S","J"],[1243.178,-16.703,-1346.124,0.974,0,0.227,0,1,0,-0.227,0,0.974,-0.798,0,-15.98,"S","J"],[1243.165,-16.703,-1346.391,0.979,0,0.203,0,1,0,-0.203,0,0.979,"v","S","J"],[1243.151,-16.719,-1346.657,0.983,0,0.183,0,1,0,-0.183,0,0.983,-0.798,-0.299,-15.98,"S","J"],[1243.138,-16.716,-1346.923,0.986,0,0.165,0,1,0,-0.165,0,0.986,-0.798,0.248,-15.98,"S","J"],[1243.125,-16.714,-1347.19,0.989,0,0.149,0,1,0,-0.149,0,0.989,-0.798,0.106,-15.98,"S","J"],[1243.112,-16.729,-1347.456,0.991,0,0.136,0,1,0,-0.136,0,0.991,-0.798,-0.242,-15.98,"S","J"],[1243.099,-16.725,-1347.722,0.992,0,0.124,0,1,0,-0.124,0,0.992,-0.798,0.268,-15.98,"S","J"],[1243.085,-16.723,-1347.989,0.993,0,0.114,0,1,0,-0.114,0,0.993,-0.798,0.115,-15.98,"S","J"],[1243.072,-16.737,-1348.255,0.994,0,0.106,0,1,0,-0.106,0,0.994,-0.798,-0.237,-15.98,"S","J"],[1243.059,-16.734,-1348.521,0.995,0,0.098,0,1,0,-0.098,0,0.995,-0.798,0.27,-15.98,"S","J"],[1243.046,-16.73,-1348.788,0.996,0,0.092,0,1,0,-0.092,0,0.996,-0.798,0.209,-15.98,"S","J"],[1243.033,-16.727,-1349.054,0.996,0,0.086,0,1,0,-0.086,0,0.996,-0.798,0.122,-15.98,"S","J"],[1243.02,-16.726,-1349.321,0.997,0,0.081,0,1,0,-0.081,0,0.997,-0.798,0.067,-15.98,"S","J"],[1243.006,-16.725,-1349.587,0.997,0,0.077,0,1,0,-0.077,0,0.997,-0.798,0.036,-15.98,"S","J"],[1242.993,-16.725,-1349.853,0.997,0,0.073,0,1,0,-0.073,0,0.997,-0.798,0.019,-15.98,"S","J"],[1242.98,-16.725,-1350.12,0.998,0,0.07,0,1,0,-0.07,0,0.998,-0.798,0.01,-15.98,"S","J"],[1242.967,-16.725,-1350.386,0.998,0,0.067,0,1,0,-0.067,0,0.998,-0.798,0.006,-15.98,"S","J"],[1242.954,-16.725,-1350.652,0.998,0,0.065,0,1,0,-0.065,0,0.998,-0.798,0.003,-15.98,"S","J"],[1242.94,-16.725,-1350.919,0.998,0,0.063,0,1,0,-0.063,0,0.998,-0.798,0.002,-15.98,"S","J"],[1242.927,-16.725,-1351.185,0.998,0,0.061,0,1,0,-0.061,0,0.998,-0.798,0.001,-15.98,"S","J"],[1242.914,-16.725,-1351.451,0.998,0,0.06,0,1,0,-0.06,0,0.998,-0.798,0,-15.98,"S","J"],[1242.901,-16.725,-1351.718,0.998,0,0.058,0,1,0,-0.058,0,0.998,-0.798,0,-15.98,"S","J"],[1242.888,-16.724,-1351.984,0.998,0,0.057,0,1,0,-0.057,0,0.998,-0.798,0,-15.98,"S","J"],[1242.875,-16.724,-1352.25,0.998,0,0.056,0,1,0,-0.056,0,0.998,-0.798,0,-15.98,"S","J"],[1242.861,-16.724,-1352.517,0.998,0,0.055,0,1,0,-0.055,0,0.998,-0.798,0,-15.98,"S","J"],[1242.848,-16.724,-1352.783,0.999,0,0.055,0,1,0,-0.055,0,0.999,-0.798,0,-15.98,"S","J"],[1242.835,-16.724,-1353.05,0.999,0,0.054,0,1,0,-0.054,0,0.999,-0.798,0,-15.98,"S","J"],[1242.822,-16.724,-1353.316,0.999,0,0.053,0,1,0,-0.053,0,0.999,"v","S","J"],[1242.809,-16.724,-1353.582,0.999,0,0.053,0,1,0,-0.053,0,0.999,"v","S","J"],[1242.795,-16.724,-1353.849,0.999,0,0.053,0,1,0,-0.053,0,0.999,"v","S","J"],[1242.782,-16.724,-1354.115,0.999,0,0.052,0,1,0,-0.052,0,0.999,"v","S","J"],[1242.769,-16.724,-1354.381,0.999,0,0.052,0,1,0,-0.052,0,0.999,"v","S","J"],[1242.756,-16.724,-1354.648,0.999,0,0.052,0,1,0,-0.052,0,0.999,"v","S","J"],[1242.743,-16.724,-1354.914,0.999,0,0.051,0,1,0,-0.051,0,0.999,"v","S","J"],[1242.729,-16.724,-1355.18,0.999,0,0.051,0,1,0,-0.051,0,0.999,"v","S","J"],[1242.716,-16.724,-1355.447,0.999,0,0.051,0,1,0,-0.051,0,0.999,"v","S","J"],["s","v","S","J"],[1242.697,-16.724,-1355.713,1,0,0.031,0,1,0,-0.031,0,1,-1.223,0,-15.953,"S","J"],[1242.677,-16.724,-1355.979,0.998,0,0.068,0,1,0,-0.068,0,0.998,-1.162,0,-15.958,"S","J"],[1242.658,-16.724,-1356.245,0.997,0,0.072,0,1,0,-0.072,0,0.997,-1.161,0,-15.958,"S","J"],[1242.638,-16.724,-1356.511,0.997,0,0.072,0,1,0,-0.072,0,0.997,-1.161,0,-15.958,"S","J"],[1242.619,-16.724,-1356.777,0.997,0,0.073,0,1,0,-0.073,0,0.997,-1.161,0,-15.958,"S","J"],[1242.599,-16.724,-1357.043,0.997,0,0.073,0,1,0,-0.073,0,0.997,-1.161,0,-15.958,"S","J"],[1242.58,-16.724,-1357.31,0.997,0,0.073,0,1,0,-0.073,0,0.997,-1.161,0,-15.958,"S","J"],[1242.56,-16.724,-1357.576,0.997,0,0.073,0,1,0,-0.073,0,0.997,-1.161,0,-15.958,"S","J"],[1242.541,-16.724,-1357.842,0.997,0,0.073,0,1,0,-0.073,0,0.997,-1.161,0,-15.958,"S","J"],[1242.521,-16.724,-1358.108,0.997,0,0.073,0,1,0,-0.073,0,0.997,-1.161,0,-15.958,"S","J"],["s","v","S","J"],[1242.498,-16.724,-1358.374,0.996,0,0.088,0,1,0,-0.088,0,0.996,-1.444,0,-15.935,"S","J"],[1242.474,-16.724,-1358.639,0.996,0,0.09,0,1,0,-0.09,0,0.996,-1.45,0,-15.934,"S","J"],[1242.45,-16.724,-1358.905,0.996,0,0.091,0,1,0,-0.091,0,0.996,-1.45,0,-15.934,"S","J"],[1242.426,-16.724,-1359.17,0.996,0,0.091,0,1,0,-0.091,0,0.996,-1.45,0,-15.934,"S","J"],[1242.402,-16.724,-1359.436,0.996,0,0.091,0,1,0,-0.091,0,0.996,-1.45,0,-15.934,"S","J"],[1242.378,-16.724,-1359.702,0.996,0,0.091,0,1,0,-0.091,0,0.996,"v","S","J"],[1242.354,-16.724,-1359.967,0.996,0,0.091,0,1,0,-0.091,0,0.996,-1.45,0,-15.934,"S","J"],[1242.33,-16.724,-1360.233,0.996,0,0.091,0,1,0,-0.091,0,0.996,-1.45,0,-15.934,"S","J"],[1242.306,-16.724,-1360.499,0.996,0,0.091,0,1,0,-0.091,0,0.996,"v","S","J"],[1242.276,-16.724,-1360.831,0.996,0,0.091,0,1,0,-0.091,0,0.996,"v","S","J"],[1242.252,-16.724,-1361.096,0.996,0,0.091,0,1,0,-0.091,0,0.996,"v","S","J"],[1242.229,-16.724,-1361.362,0.996,0,0.091,0,1,0,-0.091,0,0.996,"v","S","J"],[1242.211,-16.724,-1361.561,0.996,0,0.091,0,1,0,-0.091,0,0.996,-1.45,0,-15.934,"S","J"],[1242.187,-16.724,-1361.827,0.996,0,0.091,0,1,0,-0.091,0,0.996,-1.45,0,-15.934,"S","J"],[1242.163,-16.724,-1362.092,0.996,0,0.091,0,1,0,-0.091,0,0.996,"v","S","J"],[1242.139,-16.724,-1362.358,0.996,0,0.091,0,1,0,-0.091,0,0.996,"v","S","J"],[1242.115,-16.724,-1362.624,0.996,0,0.091,0,1,0,-0.091,0,0.996,-1.45,0,-15.934,"S","J"],[1242.091,-16.724,-1362.889,0.996,0,0.091,0,1,0,-0.091,0,0.996,-1.45,0,-15.934,"S","J"],[1242.067,-16.724,-1363.155,0.996,0,0.091,0,1,0,-0.091,0,0.996,"v","S","J"],[1242.043,-16.724,-1363.42,0.996,0,0.091,0,1,0,-0.091,0,0.996,-1.45,0,-15.934,"S","J"],[1242.019,-16.724,-1363.686,0.996,0,0.091,0,1,0,-0.091,0,0.996,"v","S","J"],[1241.995,-16.724,-1363.952,0.996,0,0.091,0,1,0,-0.091,0,0.996,"v","S","J"],[1241.971,-16.724,-1364.217,0.996,0,0.091,0,1,0,-0.091,0,0.996,"v","S","J"],[1241.947,-16.724,-1364.483,0.996,0,0.091,0,1,0,-0.091,0,0.996,"v","S","J"],[1241.923,-16.724,-1364.749,0.996,0,0.091,0,1,0,-0.091,0,0.996,"v","S","J"],[1241.9,-16.724,-1365.014,0.996,0,0.091,0,1,0,-0.091,0,0.996,"v","S","J"],[1241.876,-16.724,-1365.28,0.996,0,0.091,0,1,0,-0.091,0,0.996,"v","S","J"],[1241.852,-16.724,-1365.545,0.996,0,0.091,0,1,0,-0.091,0,0.996,"v","S","J"],[1241.828,-16.724,-1365.811,0.996,0,0.091,0,1,0,-0.091,0,0.996,"v","S","J"],[1241.804,-16.724,-1366.077,0.996,0,0.091,0,1,0,-0.091,0,0.996,"v","S","J"],[1241.78,-16.724,-1366.342,0.996,0,0.091,0,1,0,-0.091,0,0.996,"v","S","J"],[1241.756,-16.724,-1366.608,0.996,0,0.091,0,1,0,-0.091,0,0.996,"v","S","J"],[1241.732,-16.724,-1366.874,0.996,0,0.091,0,1,0,-0.091,0,0.996,"v","S","J"],[1241.708,-16.724,-1367.139,0.996,0,0.091,0,1,0,-0.091,0,0.996,"v","S","J"],[1241.687,-16.73,-1367.372,0.996,0.003,0.089,0,0.999,-0.034,-0.089,0.034,0.995,-0.837,-1.461,-8.161,"S","J"],[1241.682,-16.731,-1367.331,0.997,0.001,0.081,0,1,-0.007,-0.081,0.007,0.997,-0.534,0.186,-1.456,"S","J"],[1241.677,-16.73,-1367.334,0.997,0.002,0.083,-0.001,1,-0.012,-0.083,0.012,0.996,-0.227,0,-0.009,"S",1],[1241.673,-15.592,-1367.334,0.997,0.002,0.083,-0.001,1,-0.012,-0.083,0.012,0.996,-0.227,67.265,-0.009,5,"J"],[1241.674,-14.505,-1367.326,0.995,0.001,0.102,0,1,-0.006,-0.102,0.006,0.995,-0.023,63.996,-0.093,"S","J"],[1241.673,-13.473,-1367.324,0.995,0,0.104,0,1,-0.002,-0.104,0.002,0.995,-0.016,60.711,0.192,"S","J"],[1241.673,-12.495,-1367.324,0.995,0,0.104,0,1,-0.001,-0.104,0.001,0.995,-0.002,57.441,-0.012,"S","J"],[1241.673,-11.572,-1367.324,0.995,0,0.104,0,1,0,-0.104,0,0.995,0,54.171,-0.004,"S","J"],[1241.673,-10.703,-1367.324,0.995,0,0.104,0,1,0,-0.104,0,0.995,0,50.901,0,"S","J"],[1241.673,-9.889,-1367.324,0.995,0,0.104,0,1,0,-0.104,0,0.995,0,47.631,0,"S","J"],[1241.673,-9.129,-1367.324,0.995,0,0.104,0,1,0,-0.104,0,0.995,0,44.361,0,"S","J"],[1241.673,-8.424,-1367.324,0.995,0,0.104,0,1,0,-0.104,0,0.995,0,41.091,0,"S","J"],[1241.673,-7.773,-1367.324,0.995,0,0.104,0,1,0,-0.104,0,0.995,0,37.821,0,"S","J"],[1241.673,-7.176,-1367.324,0.995,0,0.104,0,1,0,-0.104,0,0.995,0,34.551,0,"S","J"],[1241.673,-6.635,-1367.324,0.995,0,0.104,0,1,0,-0.104,0,0.995,0,31.281,0,"S","J"],[1241.673,-6.147,-1367.324,0.995,0,0.104,0,1,0,-0.104,0,0.995,0,28.011,0,"S","J"],[1241.673,-5.715,-1367.324,0.995,0,0.104,0,1,0,-0.104,0,0.995,0,24.741,0,"S","J"],[1241.673,-5.336,-1367.324,0.995,0,0.104,0,1,0,-0.104,0,0.995,0,21.471,0,"S","J"],[1241.673,-5.013,-1367.324,0.995,0,0.104,0,1,0,-0.104,0,0.995,0,18.201,0,"S","J"],[1241.674,-4.743,-1367.349,0.115,0,0.993,0,1,0,-0.993,0,0.115,0.056,14.931,-2.383,"S","J"],[1241.675,-4.577,-1367.394,0.128,0,0.992,0,1,0,-0.992,0,0.128,0.098,12.479,-4.17,"S",0],[1241.678,-4.368,-1367.518,0.206,0,0.979,0,1,0,-0.979,0,0.206,0.204,8.391,-7.147,"S","J"],[1241.682,-4.284,-1367.622,0.141,0,0.99,0,1,0,-0.99,0,0.141,0.297,5.939,-8.932,"S","J"],[1241.689,-4.211,-1367.846,0.211,0,0.977,0,1,0,-0.977,0,0.211,0.452,1.851,-11.907,"S","J"],[1241.699,-4.214,-1368.069,0.178,0,0.984,0,1,0,-0.984,0,0.178,0.618,-1.419,-14.285,"S","J"],[1241.711,-4.033,-1368.331,0.081,0,0.997,0,1,0,-0.997,0,0.081,0.735,12.904,-15.949,7,"J"],[1241.723,-3.853,-1368.597,0.048,0,0.999,0,1,0,-0.999,0,0.048,0.737,9.189,-15.982,8,"J"],[1241.739,-3.723,-1368.93,0.265,0,0.964,0,1,0,-0.964,0,0.265,0.798,5.025,-15.98,"S","J"],[1241.753,-3.68,-1369.196,0.436,0,0.9,0,1,0,-0.9,0,0.436,0.798,1.755,-15.98,"S","J"],[1241.765,-3.725,-1369.463,0.572,0,0.82,0,1,0,-0.82,0,0.572,0.727,-3.499,-15.983,"S","J"],[1241.776,-3.824,-1369.729,0.678,0,0.735,0,1,0,-0.735,0,0.678,0.655,-6.769,-15.987,"S","J"],[1241.783,-3.947,-1369.996,0.758,0,0.652,0,1,0,-0.652,0,0.758,0.44,-6.356,-15.994,"S","J"],[1241.79,-4.031,-1370.262,0.819,0,0.574,0,1,0,-0.574,0,0.819,0.364,-2.151,-15.996,"S","J"],[1241.795,-4.028,-1370.529,0.865,0,0.502,0,1,0,-0.502,0,0.865,0.292,0.527,-15.997,"S","J"],[1241.799,-4.066,-1370.796,0.899,0,0.437,0,1,0,-0.437,0,0.899,0.29,-3.113,-15.997,"S","J"],[1241.804,-4.117,-1371.062,0.925,0,0.379,0,1,0,-0.379,0,0.925,0.29,-1.351,-15.997,"S","J"],[1241.81,-4.115,-1371.395,0.95,0,0.314,0,1,0,-0.314,0,0.95,0.29,0.322,-15.997,"S","J"],[1241.815,-4.11,-1371.662,0.963,0,0.27,0,1,0,-0.27,0,0.963,0.29,0.273,-15.997,"S","J"],[1241.82,-4.107,-1371.929,0.973,0,0.232,0,1,0,-0.232,0,0.973,0.29,0.162,-15.997,"S","J"],[1241.825,-4.106,-1372.195,0.98,0,0.198,0,1,0,-0.198,0,0.98,0.29,0.09,-15.997,"S","J"],[1241.83,-4.105,-1372.462,0.986,0,0.169,0,1,0,-0.169,0,0.986,0.29,0.048,-15.997,"S","J"],[1241.835,-4.104,-1372.728,0.99,0,0.144,0,1,0,-0.144,0,0.99,0.29,0.026,-15.997,"S","J"],[1241.84,-4.104,-1372.995,0.992,0,0.122,0,1,0,-0.122,0,0.992,0.29,0.014,-15.997,"S","J"],[1241.845,-4.104,-1373.262,0.995,0,0.103,0,1,0,-0.103,0,0.995,0.29,0.007,-15.997,"S","J"],[1241.849,-4.104,-1373.528,0.996,0,0.087,0,1,0,-0.087,0,0.996,0.29,0.004,-15.997,"S","J"],[1241.854,-4.104,-1373.795,0.997,0,0.073,0,1,0,-0.073,0,0.997,0.29,0.002,-15.997,"S","J"],[1241.859,-4.103,-1374.061,0.998,0,0.061,0,1,0,-0.061,0,0.998,0.29,0.001,-15.997,"S","J"],[1241.864,-4.103,-1374.328,0.999,0,0.05,0,1,0,-0.05,0,0.999,0.29,0.001,-15.997,"S","J"],[1241.869,-4.103,-1374.595,0.999,0,0.041,0,1,0,-0.041,0,0.999,0.29,0,-15.997,"S","J"],[1241.874,-4.103,-1374.861,0.999,0,0.033,0,1,0,-0.033,0,0.999,0.29,0,-15.997,"S","J"],[1241.879,-4.103,-1375.128,1,0,0.026,0,1,0,-0.026,0,1,0.29,0,-15.997,"S","J"],[1241.884,-4.103,-1375.394,1,0,0.02,0,1,0,-0.02,0,1,0.29,0,-15.997,"S","J"],[1241.889,-4.103,-1375.661,1,0,0.015,0,1,0,-0.015,0,1,0.29,0,-15.997,"S","J"],[1241.893,-4.103,-1375.928,1,0,0.01,0,1,0,-0.01,0,1,0.29,0,-15.997,"S","J"],[1241.898,-4.103,-1376.194,1,0,0.006,0,1,0,-0.006,0,1,0.29,0,-15.997,"S","J"],[1241.903,-4.103,-1376.461,1,0,0.003,0,1,0,-0.003,0,1,"v","S","J"],[1241.908,-4.103,-1376.727,1,0,0,0,1,0,0,0,1,"v","S","J"],[1241.913,-4.103,-1376.994,1,0,-0.002,0,1,0,0.002,0,1,0.29,0,-15.997,"S","J"],[1241.918,-4.103,-1377.261,1,0,-0.004,0,1,0,0.004,0,1,0.29,0,-15.997,"S","J"],[1241.923,-4.103,-1377.527,1,0,-0.006,0,1,0,0.006,0,1,"v","S","J"],[1241.928,-4.103,-1377.794,1,0,-0.008,0,1,0,0.008,0,1,"v","S","J"],[1241.932,-4.103,-1378.06,1,0,-0.009,0,1,0,0.009,0,1,"v","S","J"],[1241.937,-4.103,-1378.327,1,0,-0.01,0,1,0,0.01,0,1,"v","S","J"],[1241.942,-4.103,-1378.594,1,0,-0.012,0,1,0,0.012,0,1,0.29,0,-15.997,"S","J"],[1241.947,-4.103,-1378.86,1,0,-0.012,0,1,0,0.012,0,1,0.29,0,-15.997,"S","J"],[1241.95,-4.103,-1378.994,1,0,-0.013,0,1,0,0.013,0,1,0.29,0,-15.997,"S","J"],[1241.957,-4.103,-1379.393,1,0,-0.014,0,1,0,0.014,0,1,"v","S",1],[1241.962,-3.241,-1379.66,1,0,-0.015,0,1,0,0.015,0,1,0.29,50.547,-15.997,3,"J"],[1241.967,-2.432,-1379.927,1,0,-0.015,0,1,0,0.015,0,1,0.29,47.277,-15.997,5,"J"],[1241.972,-1.678,-1380.193,1,0,-0.016,0,1,0,0.016,0,1,0.29,44.007,-15.997,"S","J"],[1241.976,-0.979,-1380.46,1,0,-0.016,0,1,0,0.016,0,1,0.29,40.737,-15.997,"S","J"],[1241.981,-0.334,-1380.726,1,0,-0.016,0,1,0,0.016,0,1,0.29,37.467,-15.997,"S","J"],[1241.986,0.256,-1380.993,1,0,-0.017,0,1,0,0.017,0,1,0.29,34.197,-15.997,"S","J"],[1241.991,0.792,-1381.26,1,0,-0.017,0,1,0,0.017,0,1,0.29,30.927,-15.997,"S","J"],[1241.996,1.274,-1381.526,1,0,-0.017,0,1,0,0.017,0,1,0.29,27.657,-15.997,"S","J"],[1242.001,1.701,-1381.793,1,0,-0.017,0,1,0,0.017,0,1,0.29,24.387,-15.997,"S","J"],[1242.006,2.073,-1382.059,1,0,-0.017,0,1,0,0.017,0,1,0.29,21.117,-15.997,"S","J"],[1242.01,2.391,-1382.326,1,0,-0.017,0,1,0,0.017,0,1,0.219,17.847,-15.998,"S","J"],[1242.013,2.654,-1382.593,1,0,-0.017,0,1,0,0.017,0,1,0.218,14.577,-15.999,"S","J"],[1242.016,2.863,-1382.859,1,0,-0.016,0,1,0,0.016,0,1,0.218,11.307,-15.999,"S",0],[1242.013,3.018,-1383.126,1,0,-0.013,0,1,0,0.013,0,1,-0.28,8.037,-15.997,"S",1],[1242.007,3.117,-1383.392,1,0,-0.008,0,1,0,0.008,0,1,-0.361,4.767,-15.996,"S","J"],[1242.001,3.163,-1383.659,1,0,-0.004,0,1,0,0.004,0,1,-0.363,1.497,-15.996,"S","J"],[1241.995,3.154,-1383.926,1,0,0,0,1,0,0,0,1,-0.363,-1.773,-15.996,"S","J"],[1241.988,3.09,-1384.192,1,0,0.003,0,1,0,-0.003,0,1,-0.434,-5.043,-15.994,"S","J"],[1241.981,2.972,-1384.459,1,0,0.007,0,1,0,-0.007,0,1,-0.436,-8.313,-15.994,"S","J"],[1241.974,2.799,-1384.725,1,0,0.01,0,1,0,-0.01,0,1,-0.436,-11.583,-15.994,"S","J"],[1241.966,2.572,-1384.992,1,0,0.012,0,1,0,-0.012,0,1,-0.436,-14.853,-15.994,"S","J"],[1241.959,2.291,-1385.259,1,0,0.014,0,1,0,-0.014,0,1,-0.436,-18.123,-15.994,"S","J"],[1241.952,1.955,-1385.525,1,0,0.016,0,1,0,-0.016,0,1,-0.436,-21.393,-15.994,8,"J"],[1241.944,2.828,-1385.792,1,0,0.018,0,1,0,-0.018,0,1,-0.436,51.365,-15.994,3,"J"],[1241.935,3.65,-1386.058,1,0,0.02,0,1,0,-0.02,0,1,-0.578,48.095,-15.99,5,"J"],[1241.924,4.417,-1386.325,1,0,0.023,0,1,0,-0.023,0,1,-0.652,44.825,-15.987,"S","J"],[1241.913,5.13,-1386.592,1,0,0.025,0,1,0,-0.025,0,1,-0.653,41.555,-15.987,"S","J"],[1241.903,5.789,-1386.858,1,0,0.027,0,1,0,-0.027,0,1,-0.653,38.285,-15.987,"S","J"],[1241.892,6.393,-1387.125,1,0,0.029,0,1,0,-0.029,0,1,-0.653,35.015,-15.987,"S","J"],[1241.881,6.942,-1387.391,1,0,0.031,0,1,0,-0.031,0,1,-0.653,31.745,-15.987,"S","J"],[1241.87,7.437,-1387.658,0.999,0,0.032,0,1,0,-0.032,0,0.999,-0.653,28.475,-15.987,"S","J"],[1241.86,7.878,-1387.925,0.999,0,0.034,0,1,0,-0.034,0,0.999,-0.653,25.205,-15.987,"S","J"],[1241.849,8.264,-1388.191,0.999,0,0.035,0,1,0,-0.035,0,0.999,-0.653,21.935,-15.987,"S","J"],[1241.838,8.595,-1388.458,0.999,0,0.035,0,1,0,-0.035,0,0.999,-0.653,18.665,-15.987,"S","J"],[1241.828,8.872,-1388.724,0.999,0,0.036,0,1,0,-0.036,0,0.999,-0.653,15.395,-15.987,"S",0],[1241.777,9.142,-1389.051,0.998,0,0.068,0,1,0,-0.068,0,0.998,-3.591,11.307,-15.489,"S","J"],[1241.703,9.297,-1389.307,0.995,0,0.099,0,1,0,-0.099,0,0.995,-4.626,8.037,-15.313,"S","J"],[1241.624,9.396,-1389.562,0.992,0,0.127,0,1,0,-0.127,0,0.992,-4.719,4.767,-15.288,"S","J"],[1241.546,9.442,-1389.817,0.989,0,0.151,0,1,0,-0.151,0,0.989,-4.721,1.497,-15.288,"S","J"],[1241.467,9.433,-1390.072,0.985,0,0.171,0,1,0,-0.171,0,0.985,-4.721,-1.773,-15.288,"S","J"],[1241.388,9.369,-1390.327,0.982,0,0.189,0,1,0,-0.189,0,0.982,-4.721,-5.043,-15.288,"S","J"],[1241.31,9.251,-1390.581,0.979,0,0.204,0,1,0,-0.204,0,0.979,-4.721,-8.313,-15.288,"S","J"],["s","v","S","J"],[1241.246,9.078,-1390.84,0.978,0,0.208,0,1,0,-0.208,0,0.978,-3.628,-11.583,-15.584,"S","J"],[1241.201,8.913,-1391.035,0.978,0,0.21,0,1,0,-0.21,0,0.978,-3.601,-14.035,-15.594,"S","J"],[1241.126,8.57,-1391.36,0.977,0,0.213,0,1,0,-0.213,0,0.977,-3.6,-18.123,-15.592,"S","J"],[1241.066,8.234,-1391.62,0.977,0,0.215,0,1,0,-0.215,0,0.977,-3.599,-21.393,-15.59,"S","J"],[1241.006,7.843,-1391.88,0.976,0,0.216,0,1,0,-0.216,0,0.976,-3.599,-24.663,-15.59,"S","J"],[1240.946,7.398,-1392.139,0.976,0,0.217,0,1,0,-0.217,0,0.976,-3.599,-27.933,-15.59,"S","J"],["s","v","S","J"],[1240.893,6.898,-1392.401,0.976,0,0.216,0,1,0,-0.216,0,0.976,-3.112,-31.203,-15.694,"S","J"],[1240.841,6.658,-1392.662,0.977,0,0.213,0,1,0,-0.213,0,0.977,-3.102,-1.86,-15.696,7,"J"],[1240.79,6.704,-1392.924,0.978,0,0.211,0,1,0,-0.211,0,0.978,-3.102,3.649,-15.696,"S","J"],[1240.725,6.767,-1393.251,0.978,0,0.208,0,1,0,-0.208,0,0.978,-3.102,2.598,-15.696,8,"J"],[1240.673,6.796,-1393.513,0.979,0,0.206,0,1,0,-0.206,0,0.979,-3.102,1.502,-15.696,"S","J"],[1240.621,6.812,-1393.775,0.979,0,0.204,0,1,0,-0.204,0,0.979,-3.102,0.822,-15.696,"S","J"],[1240.57,6.821,-1394.036,0.979,0,0.203,0,1,0,-0.203,0,0.979,-3.102,0.443,-15.696,"S","J"],[1240.518,6.826,-1394.298,0.979,0,0.202,0,1,0,-0.202,0,0.979,-3.102,0.238,-15.696,"S","J"],[1240.466,6.828,-1394.56,0.98,0,0.201,0,1,0,-0.201,0,0.98,-3.102,0.128,-15.696,"S","J"],[1240.414,6.762,-1394.822,0.98,0,0.2,0,1,0,-0.2,0,0.98,-3.102,-4.78,-15.696,"S","J"],[1240.363,6.773,-1395.083,0.98,0,0.199,0,1,0,-0.199,0,0.98,-3.102,1.319,-15.696,"S","J"],[1240.311,6.796,-1395.345,0.98,0,0.198,0,1,0,-0.198,0,0.98,-3.102,1.33,-15.696,"S","J"],["s","v","S",1],[1240.259,7.659,-1395.607,0.98,0,0.198,0,1,0,-0.198,0,0.98,-3.102,50.547,-15.696,3,"J"],[1240.21,8.271,-1395.8,0.979,0,0.202,0,1,0,-0.202,0,0.979,-4.155,48.095,-15.448,5,"J"],[1240.122,9.222,-1396.122,0.977,0,0.212,0,1,0,-0.212,0,0.977,-4.232,44.007,-15.43,"S","J"],[1240.052,9.921,-1396.379,0.976,0,0.22,0,1,0,-0.22,0,0.976,-4.233,40.737,-15.43,"S","J"],[1239.981,10.566,-1396.637,0.974,0,0.226,0,1,0,-0.226,0,0.974,-4.233,37.467,-15.43,"S","J"],[1239.911,11.156,-1396.894,0.973,0,0.231,0,1,0,-0.231,0,0.973,-4.233,34.197,-15.43,"S","J"],[1239.841,11.692,-1397.151,0.972,0,0.236,0,1,0,-0.236,0,0.972,-4.233,30.927,-15.43,"S","J"],["s","v","S",0],[1239.796,12.058,-1397.346,0.972,0,0.236,0,1,0,-0.236,0,0.972,-3.498,28.475,-15.612,"S","J"],[1239.723,12.601,-1397.671,0.973,0,0.233,0,1,0,-0.233,0,0.973,-3.458,24.387,-15.623,"S","J"],[1239.666,12.973,-1397.932,0.973,0,0.23,0,1,0,-0.23,0,0.973,-3.458,21.117,-15.622,"S","J"],[1239.608,13.291,-1398.192,0.974,0,0.228,0,1,0,-0.228,0,0.974,-3.458,17.847,-15.622,"S","J"],[1239.551,13.554,-1398.452,0.974,0,0.227,0,1,0,-0.227,0,0.974,-3.458,14.577,-15.622,"S","J"],[1239.492,13.763,-1398.712,0.974,0,0.226,0,1,0,-0.226,0,0.974,-3.527,11.307,-15.606,"S","J"],[1239.433,13.917,-1398.973,0.974,0,0.225,0,1,0,-0.225,0,0.974,-3.528,8.037,-15.606,"S","J"],[1239.375,14.017,-1399.233,0.975,0,0.224,0,1,0,-0.224,0,0.975,-3.528,4.767,-15.606,"S","J"],[1239.315,14.063,-1399.493,0.975,0,0.224,0,1,0,-0.224,0,0.975,-3.598,1.497,-15.59,"S","J"],[1239.255,14.054,-1399.752,0.975,0,0.224,0,1,0,-0.224,0,0.975,-3.599,-1.773,-15.59,"S","J"],[1239.194,13.99,-1400.012,0.974,0,0.225,0,1,0,-0.225,0,0.974,-3.669,-5.043,-15.574,"S","J"],[1239.133,13.872,-1400.272,0.974,0,0.225,0,1,0,-0.225,0,0.974,-3.67,-8.313,-15.573,"S","J"],[1239.072,13.699,-1400.532,0.974,0,0.226,0,1,0,-0.226,0,0.974,-3.67,-11.583,-15.573,"S","J"],[1239.011,13.472,-1400.792,0.974,0,0.226,0,1,0,-0.226,0,0.974,-3.67,-14.853,-15.573,"S","J"],[1238.95,13.191,-1401.051,0.974,0,0.227,0,1,0,-0.227,0,0.974,-3.67,-18.123,-15.573,"S","J"],[1238.889,12.855,-1401.311,0.974,0,0.227,0,1,0,-0.227,0,0.974,-3.67,-21.393,-15.573,"S","J"],[1238.828,12.464,-1401.571,0.974,0,0.227,0,1,0,-0.227,0,0.974,-3.67,-24.663,-15.573,"S","J"],[1238.767,12.019,-1401.831,0.974,0,0.228,0,1,0,-0.228,0,0.974,-3.67,-27.933,-15.573,"S","J"],[1238.706,11.519,-1402.09,0.974,0,0.228,0,1,0,-0.228,0,0.974,-3.67,-31.203,-15.573,"S","J"],[1238.624,10.965,-1402.336,0.955,0,0.295,0,1,0,-0.295,0,0.955,-5.626,-34.473,-14.212,"S","J"],[1238.501,11.124,-1402.477,0.933,0,0.359,0,1,0,-0.359,0,0.933,-11.967,24.458,-9.798,7,"J"],[1238.227,11.67,-1402.663,0.89,0,0.456,0,1,0,-0.456,0,0.89,-13.32,22.593,-8.857,"S","J"],[1237.949,11.996,-1402.848,0.847,0,0.532,0,1,0,-0.532,0,0.847,-13.33,12.682,-8.85,8,"J"],[1237.727,12.137,-1402.995,0.813,0,0.582,0,1,0,-0.582,0,0.813,-13.33,6.498,-8.85,"S","J"],[1237.505,12.211,-1403.143,0.782,0,0.623,0,1,0,-0.623,0,0.782,-13.33,3.474,-8.85,"S","J"],[1237.282,12.251,-1403.29,0.754,0,0.657,0,1,0,-0.657,0,0.754,-13.33,1.881,-8.85,"S","J"],[1237.003,12.276,-1403.472,0.722,0,0.692,0,1,0,-0.692,0,0.722,-13.409,0.957,-8.729,"S","J"],["s","v","S","J"],[1236.724,12.288,-1403.654,0.697,0,0.717,0,1,0,-0.717,0,0.697,-13.41,0.449,-8.728,"S","J"],[1236.5,12.293,-1403.799,0.678,0,0.735,0,1,0,-0.735,0,0.678,-13.41,0.244,-8.728,"S","J"],[1236.277,12.296,-1403.945,0.661,0,0.75,0,1,0,-0.75,0,0.661,-13.41,0.131,-8.728,"S","J"],[1236.054,12.297,-1404.09,0.646,0,0.763,0,1,0,-0.763,0,0.646,-13.41,0.07,-8.728,"S","J"],[1235.83,12.298,-1404.236,0.633,0,0.774,0,1,0,-0.774,0,0.633,-13.41,0.038,-8.728,"S",1],[1235.607,13.171,-1404.381,0.62,0,0.784,0,1,0,-0.784,0,0.62,-13.41,51.365,-8.728,3,"J"],[1235.383,13.993,-1404.527,0.609,0,0.793,0,1,0,-0.793,0,0.609,-13.41,48.095,-8.728,5,"J"],[1235.159,14.761,-1404.672,0.601,0,0.8,0,1,0,-0.8,0,0.601,-13.41,44.825,-8.728,"S","J"],[1234.992,15.301,-1404.782,0.595,0,0.804,0,1,0,-0.804,0,0.595,-13.41,42.372,-8.728,"S","J"],[1234.712,16.132,-1404.964,0.586,0,0.81,0,1,0,-0.81,0,0.586,-13.41,38.285,-8.728,"S","J"],[1234.544,16.59,-1405.073,0.582,0,0.813,0,1,0,-0.813,0,0.582,-13.41,35.832,-8.728,"S","J"],[1234.321,17.153,-1405.218,0.577,0,0.817,0,1,0,-0.817,0,0.577,-13.41,32.562,-8.728,"S","J"],[1234.041,17.781,-1405.4,0.572,0,0.821,0,1,0,-0.821,0,0.572,-13.41,28.475,-8.728,"S","J"],[1233.818,18.221,-1405.546,0.568,0,0.823,0,1,0,-0.823,0,0.568,-13.41,25.205,-8.728,"S","J"],[1233.65,18.516,-1405.655,0.565,0,0.825,0,1,0,-0.825,0,0.565,-13.41,22.752,-8.728,"S","J"],[1233.37,18.939,-1405.837,0.562,0,0.827,0,1,0,-0.827,0,0.562,-13.41,18.665,-8.728,"S","J"],[1233.203,19.152,-1405.946,0.56,0,0.828,0,1,0,-0.828,0,0.56,-13.41,16.212,-8.728,"S",0],[1232.923,19.438,-1406.128,0.558,0,0.83,0,1,0,-0.83,0,0.558,-13.41,12.125,-8.728,"S","J"],[1232.699,19.606,-1406.273,0.556,0,0.831,0,1,0,-0.831,0,0.556,-13.41,8.855,-8.728,"S","J"],[1232.476,19.72,-1406.419,0.554,0,0.832,0,1,0,-0.832,0,0.554,-13.41,5.585,-8.728,"S","J"],[1232.252,19.779,-1406.564,0.553,0,0.833,0,1,0,-0.833,0,0.553,-13.41,2.315,-8.728,"S","J"],[1232.029,19.783,-1406.71,0.552,0,0.834,0,1,0,-0.834,0,0.552,-13.41,-0.955,-8.728,"S","J"],[1231.805,19.733,-1406.855,0.551,0,0.834,0,1,0,-0.834,0,0.551,-13.41,-4.225,-8.728,"S","J"],[1231.581,19.629,-1407.001,0.55,0,0.835,0,1,0,-0.835,0,0.55,-13.41,-7.495,-8.728,"S","J"],[1231.414,19.515,-1407.11,0.55,0,0.835,0,1,0,-0.835,0,0.55,-13.41,-9.948,-8.728,"S","J"],[1231.19,19.315,-1407.255,0.549,0,0.836,0,1,0,-0.836,0,0.549,-13.41,-13.218,-8.728,"S","J"],[1230.91,18.989,-1407.437,0.549,0,0.836,0,1,0,-0.836,0,0.549,-13.41,-17.305,-8.728,"S","J"],[1230.685,18.666,-1407.579,0.547,0,0.837,0,1,0,-0.837,0,0.547,-13.563,-20.575,-8.488,7,"J"],[1230.513,18.388,-1407.682,0.544,0,0.839,0,1,0,-0.839,0,0.544,-13.78,-23.028,-8.131,"S","J"],[1230.165,17.905,-1407.879,0.534,0,0.846,0,1,0,-0.846,0,0.534,-13.936,-7.462,-7.86,8,"J"],[1229.931,17.912,-1408.008,0.527,0,0.85,0,1,0,-0.85,0,0.527,-14.006,1.376,-7.735,"S","J"],[1229.697,17.939,-1408.135,0.52,0,0.854,0,1,0,-0.854,0,0.52,-14.076,1.553,-7.608,"S","J"],[1229.461,17.957,-1408.26,0.514,0,0.858,0,1,0,-0.858,0,0.514,-14.144,0.963,-7.48,"S","J"],[1229.223,17.968,-1408.38,0.505,0,0.863,0,1,0,-0.863,0,0.505,-14.276,0.537,-7.224,"S","J"],[1228.983,17.974,-1408.496,0.496,0,0.868,0,1,0,-0.868,0,0.496,-14.436,0.291,-6.9,"S","J"],[1228.74,17.977,-1408.606,0.485,0,0.874,0,1,0,-0.874,0,0.485,-14.559,0.156,-6.635,"S","J"],[1228.496,17.978,-1408.714,0.474,0,0.88,0,1,0,-0.88,0,0.474,-14.649,0.084,-6.435,"S","J"],[1228.252,17.979,-1408.82,0.464,0,0.886,0,1,0,-0.886,0,0.464,-14.679,0.045,-6.366,"S","J"],[1228.007,17.98,-1408.926,0.455,0,0.89,0,1,0,-0.89,0,0.455,-14.68,0.024,-6.365,"S","J"],[1227.763,17.98,-1409.032,0.448,0,0.894,0,1,0,-0.894,0,0.448,-14.68,0.013,-6.365,"S","J"],[1227.518,17.98,-1409.138,0.441,0,0.897,0,1,0,-0.897,0,0.441,-14.68,0.007,-6.365,"S","J"],[1227.273,17.98,-1409.244,0.435,0,0.9,0,1,0,-0.9,0,0.435,-14.68,0.004,-6.365,"S","J"],[1226.962,17.98,-1409.363,0.423,0,0.906,0,1,0,-0.906,0,0.423,-14.977,0.002,-5.63,"S","J"],[1226.712,17.98,-1409.456,0.413,0,0.911,0,1,0,-0.911,0,0.413,-14.979,0.001,-5.624,"S","J"],[1226.587,17.98,-1409.503,0.409,0,0.913,0,1,0,-0.913,0,0.409,-14.979,0.001,-5.624,"S","J"],[1226.213,17.98,-1409.644,0.398,0,0.918,0,1,0,-0.918,0,0.398,-14.979,0,-5.624,"S","J"],[1226.088,17.98,-1409.691,0.394,0,0.919,0,1,0,-0.919,0,0.394,-14.979,0,-5.624,"S","J"],[1225.713,17.98,-1409.831,0.386,0,0.923,0,1,0,-0.923,0,0.386,-14.979,0,-5.624,"S","J"],[1225.464,17.98,-1409.925,0.381,0,0.925,0,1,0,-0.925,0,0.381,-14.979,0,-5.624,"S","J"],[1225.214,17.98,-1410.019,0.377,0,0.926,0,1,0,-0.926,0,0.377,-14.979,0,-5.624,"S","J"],[1224.964,17.955,-1410.113,0.374,0,0.928,0,1,0,-0.928,0,0.374,-14.979,-1.431,-5.624,"S","J"],[1224.714,17.932,-1410.205,0.37,0,0.929,0,1,0,-0.929,0,0.37,-15.004,-1.325,-5.558,"S","J"],[1224.464,17.892,-1410.297,0.367,0,0.93,0,1,0,-0.93,0,0.367,-15.029,-1.928,-5.489,"S","J"],[1224.213,17.844,-1410.388,0.363,0,0.932,0,1,0,-0.932,0,0.363,-15.029,-2.153,-5.488,"S","J"],[1223.963,17.849,-1410.48,0.361,0,0.933,0,1,0,-0.933,0,0.361,-15.029,0.632,-5.488,"S","J"],[1223.837,17.845,-1410.526,0.359,0,0.933,0,1,0,-0.933,0,0.359,-15.029,-0.58,-5.488,"S","J"],[1223.462,17.835,-1410.663,0.356,0,0.934,0,1,0,-0.934,0,0.356,-15.029,0.102,-5.488,"S","J"],[1223.211,17.796,-1410.755,0.354,0,0.935,0,1,0,-0.935,0,0.354,-15.029,-3.17,-5.488,"S",1],[1222.961,18.669,-1410.846,0.353,0,0.936,0,1,0,-0.936,0,0.353,-15.029,51.365,-5.488,3,"J"],[1222.709,19.491,-1410.934,0.35,0,0.937,0,1,0,-0.937,0,0.35,-15.101,48.095,-5.287,5,"J"],[1222.457,20.259,-1411.022,0.347,0,0.938,0,1,0,-0.938,0,0.347,-15.103,44.825,-5.283,"S","J"],[1222.205,20.972,-1411.11,0.345,0,0.939,0,1,0,-0.939,0,0.345,-15.103,41.555,-5.283,"S","J"],[1221.953,21.63,-1411.198,0.343,0,0.939,0,1,0,-0.939,0,0.343,-15.103,38.285,-5.283,"S","J"],[1221.765,22.088,-1411.264,0.341,0,0.94,0,1,0,-0.94,0,0.341,-15.103,35.832,-5.283,"S","J"],[1221.45,22.784,-1411.374,0.34,0,0.941,0,1,0,-0.941,0,0.34,-15.103,31.745,-5.283,"S","J"],[1221.198,23.279,-1411.462,0.338,0,0.941,0,1,0,-0.941,0,0.338,-15.103,28.475,-5.283,"S",0],[1220.946,23.719,-1411.55,0.337,0,0.941,0,1,0,-0.941,0,0.337,-15.103,25.205,-5.283,"S","J"],[1220.694,24.105,-1411.638,0.336,0,0.942,0,1,0,-0.942,0,0.336,-15.103,21.935,-5.283,"S","J"],[1220.442,24.437,-1411.725,0.335,0,0.942,0,1,0,-0.942,0,0.335,-15.103,18.665,-5.283,"S","J"],["s","v","S","J"],[1220.254,24.65,-1411.794,0.335,0,0.942,0,1,0,-0.942,0,0.335,-15.009,16.212,-5.542,"S","J"],[1220.004,24.886,-1411.887,0.336,0,0.942,0,1,0,-0.942,0,0.336,-15.005,12.942,-5.554,"S","J"],[1219.754,25.068,-1411.98,0.338,0,0.941,0,1,0,-0.941,0,0.338,-15.004,9.672,-5.555,"S","J"],[1219.504,25.195,-1412.072,0.339,0,0.941,0,1,0,-0.941,0,0.339,-15.004,6.402,-5.556,"S","J"],[1219.254,25.267,-1412.165,0.34,0,0.94,0,1,0,-0.94,0,0.34,-15.004,3.132,-5.556,"S","J"],[1218.942,25.281,-1412.281,0.342,0,0.94,0,1,0,-0.94,0,0.342,-15.004,-0.955,-5.556,"S","J"],[1218.692,25.232,-1412.374,0.342,0,0.94,0,1,0,-0.94,0,0.342,-15.004,-4.225,-5.556,"S","J"],[1218.504,25.158,-1412.443,0.343,0,0.939,0,1,0,-0.939,0,0.343,-15.004,-6.678,-5.556,"S","J"],[1218.192,24.968,-1412.559,0.344,0,0.939,0,1,0,-0.939,0,0.344,-15.004,-10.765,-5.556,"S","J"],[1217.942,24.755,-1412.652,0.344,0,0.939,0,1,0,-0.939,0,0.344,-15.004,-14.035,-5.556,"S","J"],[1217.754,24.559,-1412.722,0.344,0,0.939,0,1,0,-0.939,0,0.344,-15.004,-16.488,-5.556,"S","J"],[1217.442,24.164,-1412.838,0.345,0,0.939,0,1,0,-0.939,0,0.345,-15.004,-20.575,-5.556,"S","J"],[1217.254,23.886,-1412.907,0.345,0,0.939,0,1,0,-0.939,0,0.345,-15.004,-23.028,-5.556,"S","J"],[1216.942,23.356,-1413.023,0.346,0,0.938,0,1,0,-0.938,0,0.346,-15.004,-27.115,-5.556,"S","J"],[1216.754,22.996,-1413.093,0.346,0,0.938,0,1,0,-0.938,0,0.346,-15.004,-29.568,-5.556,"S","J"],[1216.442,22.329,-1413.209,0.346,0,0.938,0,1,0,-0.938,0,0.346,-15.004,-33.655,-5.556,"S","J"],[1216.254,21.888,-1413.278,0.346,0,0.938,0,1,0,-0.938,0,0.346,-15.004,-36.108,-5.556,"S","J"],[1215.942,21.085,-1413.394,0.346,0,0.938,0,1,0,-0.938,0,0.346,-15.004,-40.195,-5.556,"S","J"],[1215.692,20.381,-1413.488,0.347,0,0.938,0,1,0,-0.938,0,0.347,-14.979,-43.465,-5.623,"S","J"],[1215.443,19.622,-1413.585,0.349,0,0.937,0,1,0,-0.937,0,0.349,-14.903,-46.735,-5.824,"S","J"],[1215.196,18.809,-1413.685,0.352,0,0.936,0,1,0,-0.936,0,0.352,-14.822,-50.005,-6.026,"S","J"],[1214.95,17.942,-1413.787,0.356,0,0.934,0,1,0,-0.934,0,0.356,-14.766,-53.275,-6.161,"S","J"],[1214.705,17.02,-1413.892,0.361,0,0.933,0,1,0,-0.933,0,0.361,-14.71,-56.545,-6.295,"S","J"],[1214.521,16.293,-1413.97,0.364,0,0.931,0,1,0,-0.931,0,0.364,-14.708,-58.998,-6.298,"S","J"],[1214.276,15.275,-1414.075,0.368,0,0.93,0,1,0,-0.93,0,0.368,-14.708,-62.268,-6.298,"S","J"],[1214.031,14.332,-1414.18,0.372,0,0.928,0,1,0,-0.928,0,0.372,-14.708,-34.678,-6.298,7,"J"],[1213.724,14.274,-1414.312,0.376,0,0.927,0,1,0,-0.927,0,0.376,-14.708,5.029,-6.298,"S","J"],[1213.54,14.345,-1414.39,0.378,0,0.926,0,1,0,-0.926,0,0.378,-14.708,5.688,-6.298,8,"J"],[1213.234,14.428,-1414.522,0.38,0,0.925,0,1,0,-0.925,0,0.38,-14.708,3.014,-6.298,"S","J"],[1212.989,14.459,-1414.627,0.382,0,0.924,0,1,0,-0.924,0,0.382,-14.708,1.357,-6.298,"S","J"],[1212.744,14.474,-1414.732,0.384,0,0.923,0,1,0,-0.923,0,0.384,-14.708,0.693,-6.298,"S","J"],[1212.499,14.477,-1414.837,0.385,0,0.923,0,1,0,-0.923,0,0.385,-14.708,0.03,-6.298,"S","J"],[1212.253,14.477,-1414.942,0.386,0,0.922,0,1,0,-0.922,0,0.386,-14.708,0,-6.298,"S","J"],[1212.008,14.477,-1415.047,0.387,0,0.922,0,1,0,-0.922,0,0.387,-14.708,-0.001,-6.298,"S","J"],[1211.824,14.477,-1415.125,0.388,0,0.922,0,1,0,-0.922,0,0.388,-14.708,-0.001,-6.298,"S","J"],[1211.579,14.453,-1415.23,0.389,0,0.921,0,1,0,-0.921,0,0.389,-14.708,-0.921,-6.298,"S","J"],[1211.334,14.451,-1415.335,0.39,0,0.921,0,1,0,-0.921,0,0.39,-14.708,-0.019,-6.298,"S",1],[1211.089,15.314,-1415.44,0.39,0,0.921,0,1,0,-0.921,0,0.39,-14.708,50.547,-6.298,3,"J"],[1210.844,16.122,-1415.545,0.391,0,0.921,0,1,0,-0.921,0,0.391,-14.708,47.277,-6.298,5,"J"],[1210.599,16.876,-1415.65,0.391,0,0.92,0,1,0,-0.92,0,0.391,-14.708,44.007,-6.298,"S","J"],[1210.415,17.406,-1415.729,0.391,0,0.92,0,1,0,-0.92,0,0.391,-14.708,41.555,-6.298,"S","J"],[1210.17,18.064,-1415.834,0.392,0,0.92,0,1,0,-0.92,0,0.392,-14.708,38.285,-6.298,"S","J"],[1209.864,18.811,-1415.965,0.392,0,0.92,0,1,0,-0.92,0,0.392,-14.708,34.197,-6.298,"S","J"],[1209.68,19.218,-1416.044,0.392,0,0.92,0,1,0,-0.92,0,0.392,-14.708,31.745,-6.298,"S","J"],[1209.435,19.713,-1416.149,0.392,0,0.92,0,1,0,-0.92,0,0.392,-14.708,28.475,-6.298,"S","J"],[1209.189,20.153,-1416.254,0.393,0,0.92,0,1,0,-0.92,0,0.393,-14.708,25.205,-6.298,"S","J"],[1208.944,20.539,-1416.359,0.393,0,0.92,0,1,0,-0.92,0,0.393,-14.708,21.935,-6.298,"S","J"],[1208.638,20.945,-1416.49,0.393,0,0.92,0,1,0,-0.92,0,0.393,-14.708,17.847,-6.298,"S","J"],[1208.454,21.148,-1416.569,0.393,0,0.92,0,1,0,-0.92,0,0.393,-14.708,15.395,-6.298,"S","J"],[1208.209,21.37,-1416.674,0.393,0,0.92,0,1,0,-0.92,0,0.393,-14.708,12.125,-6.298,"S","J"],[1207.964,21.538,-1416.779,0.393,0,0.919,0,1,0,-0.919,0,0.393,-14.708,8.855,-6.298,"S","J"],[1207.657,21.672,-1416.91,0.393,0,0.919,0,1,0,-0.919,0,0.393,-14.708,4.767,-6.298,"S","J"],[1207.474,21.711,-1416.989,0.393,0,0.919,0,1,0,-0.919,0,0.393,-14.708,2.315,-6.298,"S","J"],[1207.229,21.715,-1417.094,0.393,0,0.919,0,1,0,-0.919,0,0.393,-14.708,-0.955,-6.298,"S","J"],[1206.922,21.644,-1417.225,0.393,0,0.919,0,1,0,-0.919,0,0.393,-14.708,-5.043,-6.298,"S","J"],[1206.738,21.561,-1417.304,0.393,0,0.919,0,1,0,-0.919,0,0.393,-14.708,-7.495,-6.298,"S","J"],[1206.432,21.354,-1417.435,0.393,0,0.919,0,1,0,-0.919,0,0.393,-14.708,-11.583,-6.298,"S","J"],[1206.187,21.127,-1417.54,0.393,0,0.919,0,1,0,-0.919,0,0.393,-14.708,-14.853,-6.298,"S","J"],[1206.003,20.92,-1417.619,0.393,0,0.919,0,1,0,-0.919,0,0.393,-14.708,-17.305,-6.298,"S","J"],[1205.697,20.509,-1417.75,0.394,0,0.919,0,1,0,-0.919,0,0.394,-14.708,-21.393,-6.298,"S","J"],[1205.451,20.118,-1417.855,0.394,0,0.919,0,1,0,-0.919,0,0.394,-14.708,-24.663,-6.298,"S","J"],[1205.268,19.79,-1417.933,0.394,0,0.919,0,1,0,-0.919,0,0.394,-14.708,-27.115,-6.298,"S","J"],[1204.961,19.174,-1418.065,0.394,0,0.919,0,1,0,-0.919,0,0.394,-14.708,-31.203,-6.298,"S","J"],[1204.716,18.619,-1418.17,0.394,0,0.919,0,1,0,-0.919,0,0.394,-14.708,-34.473,-6.298,"S",0],[1204.471,18.011,-1418.275,0.394,0,0.919,0,1,0,-0.919,0,0.394,-14.708,-37.743,-6.298,"S","J"],[1204.226,17.348,-1418.38,0.394,0,0.919,0,1,0,-0.919,0,0.394,-14.708,-41.013,-6.298,"S","J"],[1203.981,16.63,-1418.485,0.394,0,0.919,0,1,0,-0.919,0,0.394,-14.708,-44.283,-6.298,"S","J"],[1203.736,15.858,-1418.59,0.394,0,0.919,0,1,0,-0.919,0,0.394,-14.708,-47.553,-6.298,"S","J"],[1203.49,15.031,-1418.695,0.394,0,0.919,0,1,0,-0.919,0,0.394,-14.708,-50.823,-6.298,"S","J"],[1203.245,14.258,-1418.8,0.394,0,0.919,0,1,0,-0.919,0,0.394,-14.708,-28.168,-6.298,7,"J"],[1203,14.203,-1418.905,0.394,0,0.919,0,1,0,-0.919,0,0.394,-14.708,3.43,-6.298,"S","J"],[1202.692,14.307,-1419.032,0.392,0,0.92,0,1,0,-0.92,0,0.392,-14.792,4.72,-6.099,8,"J"],[1202.436,14.363,-1419.105,0.377,0,0.926,0,1,0,-0.926,0,0.377,-15.414,2.883,-4.28,"S","J"],[1202.171,14.394,-1419.13,0.341,0,0.94,0,1,0,-0.94,0,0.341,-15.941,1.601,-1.304,"S","J"],[1201.905,14.411,-1419.114,0.289,0,0.957,0,1,0,-0.957,0,0.289,-15.958,0.867,1.101,"S","J"],[1201.642,14.42,-1419.068,0.229,0,0.974,0,1,0,-0.974,0,0.229,-15.743,0.466,2.842,"S","J"],[1201.382,14.425,-1419.01,0.169,0,0.986,0,1,0,-0.986,0,0.169,-15.595,0.25,3.574,"S","J"],[1201.252,14.427,-1418.979,0.142,0,0.99,0,1,0,-0.99,0,0.142,-15.564,0.183,3.708,"S","J"],[1200.994,14.429,-1418.914,0.09,0,0.996,0,1,0,-0.996,0,0.09,-15.526,0.098,3.868,"S",1],[1200.799,15.081,-1418.866,0.052,0,0.999,0,1,0,-0.999,0,0.052,-15.526,51.365,3.868,3,"J"],[1200.549,15.903,-1418.778,-0.008,0,1,0,1,0,-1,0,-0.008,-14.752,48.095,6.122,5,"J"],[1200.244,16.854,-1418.644,-0.078,0,0.997,0,1,0,-0.997,0,-0.078,-14.631,44.007,6.475,"S","J"],[1200.061,17.383,-1418.563,-0.114,0,0.993,0,1,0,-0.993,0,-0.114,-14.63,41.555,6.477,"S","J"],[1199.817,18.042,-1418.455,-0.156,0,0.988,0,1,0,-0.988,0,-0.156,-14.63,38.285,6.477,"S","J"],[1199.574,18.646,-1418.347,-0.192,0,0.981,0,1,0,-0.981,0,-0.192,-14.63,35.015,6.477,"S","J"],[1199.33,19.196,-1418.24,-0.223,0,0.975,0,1,0,-0.975,0,-0.223,-14.63,31.745,6.477,"S","J"],[1199.086,19.691,-1418.132,-0.249,0,0.968,0,1,0,-0.968,0,-0.249,-14.63,28.475,6.477,"S",0],[1198.782,20.233,-1417.997,-0.277,0,0.961,0,1,0,-0.961,0,-0.277,-14.63,24.387,6.477,"S","J"],[1198.599,20.517,-1417.916,-0.291,0,0.957,0,1,0,-0.957,0,-0.291,-14.63,21.935,6.477,"S","J"],[1198.294,20.923,-1417.781,-0.311,0,0.95,0,1,0,-0.95,0,-0.311,-14.63,17.847,6.477,"S","J"],[1198.113,21.126,-1417.696,-0.323,0,0.946,0,1,0,-0.946,0,-0.323,-14.458,15.395,6.852,"S","J"],[1197.873,21.348,-1417.581,-0.338,0,0.941,0,1,0,-0.941,0,-0.338,-14.449,12.125,6.873,"S","J"],[1197.572,21.55,-1417.438,-0.354,0,0.935,0,1,0,-0.935,0,-0.354,-14.449,8.037,6.873,"S","J"],[1197.331,21.65,-1417.323,-0.365,0,0.931,0,1,0,-0.931,0,-0.365,-14.449,4.767,6.873,"S","J"],[1197.09,21.695,-1417.208,-0.374,0,0.927,0,1,0,-0.927,0,-0.374,-14.449,1.497,6.873,"S","J"],[1196.849,21.686,-1417.094,-0.382,0,0.924,0,1,0,-0.924,0,-0.382,-14.449,-1.773,6.873,"S","J"],[1196.609,21.622,-1416.979,-0.389,0,0.921,0,1,0,-0.921,0,-0.389,-14.449,-5.043,6.873,"S","J"],[1196.428,21.539,-1416.893,-0.393,0,0.919,0,1,0,-0.919,0,-0.393,-14.449,-7.495,6.873,"S","J"],[1196.127,21.332,-1416.749,-0.4,0,0.917,0,1,0,-0.917,0,-0.4,-14.449,-11.583,6.873,"S","J"],[1195.887,21.104,-1416.635,-0.404,0,0.915,0,1,0,-0.915,0,-0.404,-14.449,-14.853,6.873,"S","J"],[1195.706,20.898,-1416.548,-0.407,0,0.914,0,1,0,-0.914,0,-0.407,-14.449,-17.305,6.873,"S","J"],[1195.345,20.394,-1416.376,-0.412,0,0.911,0,1,0,-0.911,0,-0.412,-14.449,-22.21,6.873,"S","J"],[1195.164,20.096,-1416.29,-0.414,0,0.91,0,1,0,-0.91,0,-0.414,-14.449,-24.663,6.873,"S","J"],[1194.924,19.651,-1416.176,-0.416,0,0.909,0,1,0,-0.909,0,-0.416,-14.449,-27.933,6.873,"S","J"],[1194.683,19.151,-1416.061,-0.418,0,0.909,0,1,0,-0.909,0,-0.418,-14.449,-31.203,6.873,"S","J"],[1194.442,18.597,-1415.946,-0.419,0,0.908,0,1,0,-0.908,0,-0.419,-14.449,-34.473,6.873,"S","J"],[1194.202,17.989,-1415.831,-0.421,0,0.907,0,1,0,-0.907,0,-0.421,-14.449,-37.743,6.873,"S","J"],[1193.961,17.326,-1415.717,-0.422,0,0.907,0,1,0,-0.907,0,-0.422,-14.449,-41.013,6.873,"S","J"],[1193.72,16.608,-1415.601,-0.424,0,0.906,0,1,0,-0.906,0,-0.424,-14.418,-44.283,6.937,"S","J"],[1193.481,15.836,-1415.484,-0.425,0,0.905,0,1,0,-0.905,0,-0.425,-14.386,-47.553,7.003,"S","J"],[1193.241,15.009,-1415.368,-0.427,0,0.904,0,1,0,-0.904,0,-0.427,-14.386,-50.823,7.004,"S","J"],[1193.061,14.889,-1415.28,-0.428,0,0.904,0,1,0,-0.904,0,-0.428,-14.386,-2.68,7.004,7,"J"],[1192.761,14.882,-1415.134,-0.43,0,0.903,0,1,0,-0.903,0,-0.43,-14.386,-0.02,7.004,"S","J"],[1192.582,14.882,-1415.047,-0.431,0,0.903,0,1,0,-0.903,0,-0.431,-14.386,-0.001,7.004,"S","J"],[1192.222,14.701,-1414.872,-0.432,0,0.902,0,1,0,-0.902,0,-0.432,-14.386,-9.334,7.004,8,"J"],[1191.982,14.504,-1414.755,-0.433,0,0.901,0,1,0,-0.901,0,-0.433,-14.386,-12.604,7.004,"S","J"],["s","v","S","J"],[1191.745,14.477,-1414.633,-0.436,0,0.9,0,1,0,-0.9,0,-0.436,-14.193,0.053,7.385,"S",1],[1191.45,15.561,-1414.479,-0.44,0,0.898,0,1,0,-0.898,0,-0.44,-14.193,50.547,7.385,3,"J"],[1191.273,16.173,-1414.387,-0.443,0,0.897,0,1,0,-0.897,0,-0.443,-14.19,48.095,7.393,5,"J"],[1191.036,16.94,-1414.264,-0.446,0,0.895,0,1,0,-0.895,0,-0.446,-14.19,44.825,7.393,"S","J"],[1190.8,17.653,-1414.141,-0.448,0,0.894,0,1,0,-0.894,0,-0.448,-14.19,41.555,7.393,"S","J"],[1190.564,18.312,-1414.018,-0.45,0,0.893,0,1,0,-0.893,0,-0.45,-14.19,38.285,7.393,"S","J"],[1190.327,18.916,-1413.895,-0.452,0,0.892,0,1,0,-0.892,0,-0.452,-14.19,35.015,7.393,"S","J"],[1190.091,19.465,-1413.771,-0.453,0,0.891,0,1,0,-0.891,0,-0.453,-14.19,31.745,7.393,"S","J"],[1189.796,20.075,-1413.618,-0.455,0,0.891,0,1,0,-0.891,0,-0.455,-14.19,27.657,7.393,"S","J"],[1189.618,20.401,-1413.525,-0.455,0,0.89,0,1,0,-0.89,0,-0.455,-14.19,25.205,7.393,"S","J"],[1189.382,20.78