[[-411.127,-16.724,-1413.833,-0.811,0,-0.585,0,1,0,0.585,0,-0.811,0,0,0,8,0],[-411.179,-16.724,-1413.795,-0.811,0,-0.585,0,1,0,0.585,0,-0.811,-6.266,0,4.519,"S","J"],[-411.414,-16.724,-1413.626,-0.811,0,-0.585,0,1,0,0.585,0,-0.811,-12.843,0,9.263,"S","J"],["s","v","S","J"],[-411.687,-16.724,-1413.437,-0.824,0,-0.566,0,1,0,0.566,0,-0.824,-13.184,0,9.064,"S","J"],[-411.907,-16.724,-1413.286,-0.824,0,-0.566,0,1,0,0.566,0,-0.824,-13.186,0,9.062,"S","J"],["s","v","S","J"],[-412.079,-16.724,-1413.183,-0.865,0,-0.501,0,1,0,0.501,0,-0.865,-13.811,0,8.074,"S","J"],[-412.309,-16.724,-1413.05,-0.865,0,-0.501,0,1,0,0.501,0,-0.865,-13.845,0,8.02,"S","J"],[-412.598,-16.724,-1412.882,-0.865,0,-0.501,0,1,0,0.501,0,-0.865,-13.845,0,8.019,"S","J"],[-412.771,-16.724,-1412.782,-0.865,0,-0.501,0,1,0,0.501,0,-0.865,-13.845,0,8.019,"S","J"],[-413.001,-16.724,-1412.648,-0.868,0,-0.497,0,1,0,0.497,0,-0.868,"v","S","J"],["s","v","S","J"],[-413.227,-16.724,-1412.507,-0.844,0,-0.536,0,1,0,0.536,0,-0.844,-13.513,0,8.567,"S","J"],[-413.509,-16.724,-1412.328,-0.844,0,-0.536,0,1,0,0.536,0,-0.844,-13.506,0,8.578,"S","J"],[-413.678,-16.724,-1412.22,-0.844,0,-0.536,0,1,0,0.536,0,-0.844,-13.506,0,8.578,"S","J"],[-413.903,-16.724,-1412.077,-0.844,0,-0.536,0,1,0,0.536,0,-0.844,-13.506,0,8.578,"S","J"],[-414.128,-16.724,-1411.934,-0.844,0,-0.536,0,1,0,0.536,0,-0.844,"v","S","J"],[-414.409,-16.724,-1411.755,-0.837,0,-0.548,0,1,0,0.548,0,-0.837,"v","S","J"],[-414.577,-16.724,-1411.646,-0.77,0,-0.638,0,1,0,0.638,0,-0.77,-13.395,0,8.751,"S","J"],[-414.785,-16.724,-1411.48,-0.666,0,-0.746,0,1,0,0.746,0,-0.666,-12.377,0,10.136,"S","J"],[-414.956,-16.655,-1411.301,-0.502,0,-0.865,0,1,0,0.865,0,-0.502,-9.916,5.38,10.851,"S","J"],[-415.077,-16.504,-1411.112,-0.373,0,-0.928,0,1,0,0.928,0,-0.373,-6.861,9.627,11.396,"S","J"],[-415.169,-16.303,-1410.903,-0.316,0,-0.949,0,1,0,0.949,0,-0.316,-5.326,11.971,12.769,"S","J"],[-415.251,-16.111,-1410.666,-0.318,0,-0.948,0,1,0,0.948,0,-0.318,-4.86,10.61,14.396,"S","J"],[-415.327,-15.929,-1410.44,-0.349,0,-0.937,0,1,0,0.937,0,-0.349,-4.523,10.191,13.454,"S","J"],[-415.411,-15.763,-1410.212,-0.503,0,-0.864,0,1,0,0.864,0,-0.503,-5.092,9.265,13.716,"S","J"],[-415.521,-15.613,-1410.007,-0.754,0,-0.657,0,1,0,0.657,0,-0.754,-6.873,8.452,12.115,"S","J"],[-415.663,-15.44,-1409.862,-0.891,0,-0.455,0,1,0,0.455,0,-0.891,-8.801,10.126,8.073,"S","J"],[-415.833,-15.27,-1409.763,-0.917,0,-0.4,0,1,0,0.4,0,-0.917,-10.39,9.623,5.591,"S","J"],[-416.075,-15.067,-1409.613,-0.842,0,-0.54,0,1,0,0.54,0,-0.842,-11.766,8.888,7.391,"S","J"],[-416.232,-14.959,-1409.514,-0.843,0,-0.538,0,1,0,0.538,0,-0.843,-12.722,8.261,7.999,"S","J"],[-416.504,-14.808,-1409.342,-0.844,0,-0.537,0,1,0,0.537,0,-0.844,-13.078,6.291,8.305,"S","J"],[-416.725,-14.719,-1409.201,-0.844,0,-0.536,0,1,0,0.536,0,-0.844,-13.33,4.753,8.466,"S","J"],[-416.892,-14.666,-1409.096,-0.844,0,-0.536,0,1,0,0.536,0,-0.844,-13.351,3.982,8.479,"S","J"],[-417.116,-14.61,-1408.953,-0.839,0,-0.544,0,1,0,0.544,0,-0.839,-13.433,2.962,8.531,"S","J"],[-417.34,-14.575,-1408.809,-0.832,0,-0.555,0,1,0,0.555,0,-0.832,-13.417,1.575,8.69,"S",1],[-417.619,-13.492,-1408.628,-0.535,0,-0.845,0,1,0,0.845,0,-0.535,-13.417,50.547,8.69,3,"J"],[-417.776,-12.88,-1408.509,-0.583,0,-0.812,0,1,0,0.812,0,-0.583,-12.15,48.095,9.95,5,"J"],[-417.961,-12.113,-1408.325,-0.626,0,-0.78,0,1,0,0.78,0,-0.626,-10.454,44.825,11.625,"S","J"],["s","v","S",0],[-418.15,-11.23,-1408.06,-0.538,0,-0.843,0,1,0,0.843,0,-0.538,-8.112,40.737,13.466,"S","J"],[-418.239,-10.741,-1407.883,-0.44,0,-0.898,0,1,0,0.898,0,-0.44,-6.633,38.285,14.47,"S","J"],[-418.335,-10.137,-1407.635,-0.442,0,-0.897,0,1,0,0.897,0,-0.442,-5.605,35.015,14.983,"S","J"],[-418.443,-9.459,-1407.319,-0.439,0,-0.898,0,1,0,0.898,0,-0.439,-5.102,30.927,15.165,"S","J"],[-418.501,-9.093,-1407.128,-0.353,0,-0.936,0,1,0,0.936,0,-0.353,-4.574,28.475,15.332,"S","J"],[-418.571,-8.652,-1406.871,-0.376,0,-0.927,0,1,0,0.927,0,-0.376,-4.134,25.205,15.457,"S","J"],[-418.654,-8.178,-1406.548,-0.402,0,-0.916,0,1,0,0.916,0,-0.402,-3.986,21.117,15.496,"S","J"],[-418.703,-7.934,-1406.354,-0.336,0,-0.942,0,1,0,0.942,0,-0.336,-3.918,18.665,15.513,"S","J"],[-418.767,-7.657,-1406.095,-0.367,0,-0.93,0,1,0,0.93,0,-0.367,-3.845,15.395,15.531,"S","J"],[-418.831,-7.435,-1405.837,-0.367,0,-0.93,0,1,0,0.93,0,-0.367,-3.844,12.125,15.531,"S","J"],[-418.896,-7.267,-1405.578,-0.371,0,-0.929,0,1,0,0.929,0,-0.371,-3.844,8.855,15.531,"S","J"],[-418.983,-7.153,-1405.328,-0.585,0,-0.811,0,1,0,0.811,0,-0.585,-6.078,5.585,14.701,"S","J"],[-419.103,-7.094,-1405.09,-0.6,0,-0.8,0,1,0,0.8,0,-0.6,-7.508,2.315,14.122,"S","J"],[-419.265,-7.097,-1404.799,-0.633,0,-0.774,0,1,0,0.774,0,-0.633,-7.813,-1.773,13.962,"S","J"],[-419.397,-7.161,-1404.567,-0.607,0,-0.794,0,1,0,0.794,0,-0.607,-7.939,-5.043,13.891,"S","J"],[-419.529,-7.279,-1404.336,-0.607,0,-0.794,0,1,0,0.794,0,-0.607,-7.942,-8.313,13.89,"S","J"],[-419.628,-7.403,-1404.162,-0.581,0,-0.814,0,1,0,0.814,0,-0.581,-7.942,-10.765,13.89,"S","J"],[-419.761,-7.617,-1403.931,-0.607,0,-0.794,0,1,0,0.794,0,-0.607,-7.942,-14.035,13.89,"S","J"],[-419.893,-7.119,-1403.699,-0.527,0,-0.85,0,1,0,0.85,0,-0.527,-7.942,38.079,13.89,7,"J"],[-420.058,-6.452,-1403.41,-0.499,0,-0.867,0,1,0,0.867,0,-0.499,-7.942,25.704,13.89,"S","J"],["s","v",8,1],[-420.191,-5.625,-1403.178,-0.713,0,-0.702,0,1,0,0.702,0,-0.713,-7.942,48.427,13.89,3,"J"],[-420.311,-4.852,-1402.969,-0.645,0,-0.764,0,1,0,0.764,0,-0.645,-6.759,45.157,11.821,5,"J"],[-420.433,-3.962,-1402.755,-0.617,0,-0.787,0,1,0,0.787,0,-0.617,-5.28,41.07,9.234,"S","J"],[-420.492,-3.469,-1402.652,-0.613,0,-0.79,0,1,0,0.79,0,-0.613,-4.393,38.617,7.683,"S","J"],[-420.553,-2.859,-1402.546,-0.613,0,-0.79,0,1,0,0.79,0,-0.613,-3.21,35.347,5.614,"S","J"],["s","v","S",0],[-420.639,-2.174,-1402.419,-0.74,-0.004,-0.672,-0.012,1,0.007,0.672,0.014,-0.74,-4.837,31.262,6.677,"S","J"],[-420.709,-1.804,-1402.325,-0.695,-0.001,-0.719,-0.006,1,0.005,0.719,0.007,-0.695,-6.024,28.809,7.977,"S","J"],[-420.826,-1.358,-1402.172,-0.719,0,-0.695,-0.001,1,0.002,0.695,0.002,-0.719,-7.617,25.538,9.848,"S","J"],[-421.009,-0.877,-1401.938,-0.742,0,-0.671,0,1,0,0.671,0,-0.742,-9.585,21.45,12.148,"S","J"],[-421.133,-0.629,-1401.783,-0.692,0,-0.722,0,1,0,0.722,0,-0.692,-9.91,18.998,12.531,"S","J"],[-421.297,-0.347,-1401.573,-0.716,0,-0.698,0,1,0,0.698,0,-0.716,-9.87,15.728,12.596,"S","J"],[-421.462,-0.118,-1401.363,-0.716,0,-0.698,0,1,0,0.698,0,-0.716,-9.868,12.458,12.595,"S","J"],[-421.626,0.055,-1401.153,-0.716,0,-0.698,0,1,0,0.698,0,-0.716,-9.868,9.188,12.594,"S","J"],[-421.79,0.174,-1400.943,-0.716,0,-0.698,0,1,0,0.698,0,-0.716,-9.868,5.918,12.594,"S","J"],[-421.955,0.239,-1400.733,-0.716,0,-0.698,0,1,0,0.698,0,-0.716,-9.868,2.648,12.594,"S","J"],[-422.119,0.249,-1400.523,-0.716,0,-0.698,0,1,0,0.698,0,-0.716,-9.868,-0.622,12.594,"S","J"],[-422.284,0.204,-1400.313,-0.716,0,-0.698,0,1,0,0.698,0,-0.716,-9.868,-3.892,12.594,"S","J"],[-422.451,0.105,-1400.105,-0.725,0,-0.688,0,1,0,0.688,0,-0.725,-10.035,-7.162,12.461,"S","J"],[-422.618,-0.048,-1399.897,-0.725,0,-0.688,0,1,0,0.688,0,-0.725,-10.039,-10.432,12.459,"S","J"],[-422.785,-0.256,-1399.69,-0.725,0,-0.688,0,1,0,0.688,0,-0.725,-10.039,-13.702,12.459,"S","J"],["s","v","S","J"],[-422.95,-0.518,-1399.479,-0.702,-0.005,-0.712,-0.005,1,-0.001,0.712,0.003,-0.702,-9.799,-16.972,12.624,"S","J"],[-423.113,-0.835,-1399.269,-0.712,-0.002,-0.703,-0.003,1,0,0.703,0.002,-0.712,-9.772,-20.242,12.605,"S","J"],[-423.276,-1.207,-1399.059,-0.713,0,-0.702,-0.001,1,0,0.702,0.001,-0.713,-9.796,-23.512,12.621,"S","J"],[-423.439,-1.633,-1398.849,-0.713,0,-0.701,0,1,0,0.701,0,-0.713,-9.809,-26.782,12.634,"S","J"],[-423.603,-2.113,-1398.639,-0.713,0,-0.701,0,1,0,0.701,0,-0.713,-9.812,-30.052,12.639,"S","J"],[-423.767,-2.648,-1398.428,-0.713,0,-0.701,0,1,0,0.701,0,-0.713,-9.812,-33.322,12.639,"S","J"],["s","v",8,"J"],[-423.941,-3.237,-1398.227,-0.692,0,-0.721,0,1,0,0.721,0,-0.692,-10.578,-36.592,12.003,"S","J"],[-424.118,-3.798,-1398.027,-0.666,0,-0.746,0,1,0,0.746,0,-0.666,-10.593,-19.825,11.991,"S","J"],[-424.294,-3.846,-1397.827,-0.663,0,-0.749,0,1,0,0.749,0,-0.663,-10.594,-0.39,11.991,"S","J"],[-424.471,-3.783,-1397.628,-0.662,0,-0.749,0,1,0,0.749,0,-0.662,-10.594,4.48,11.991,"S","J"],["s","v","S","J"],[-424.642,-3.713,-1397.423,-0.638,0,-0.77,0,1,0,0.77,0,-0.638,-10.215,3.711,12.314,"S","J"],[-424.812,-3.685,-1397.218,-0.638,0,-0.77,0,1,0,0.77,0,-0.638,-10.208,0.473,12.321,"S","J"],[-424.982,-3.66,-1397.012,-0.638,0,-0.77,0,1,0,0.77,0,-0.638,-10.208,1.607,12.321,"S","J"],[-425.152,-3.639,-1396.807,-0.638,0,-0.77,0,1,0,0.77,0,-0.638,-10.208,1.089,12.321,"S","J"],[-425.322,-3.636,-1396.601,-0.638,0,-0.77,0,1,0,0.77,0,-0.638,-10.208,0.024,12.321,"S","J"],[-425.493,-3.636,-1396.396,-0.638,0,-0.77,0,1,0,0.77,0,-0.638,-10.208,0.003,12.321,"S","J"],[-425.663,-3.636,-1396.19,-0.638,0,-0.77,0,1,0,0.77,0,-0.638,-10.208,0.002,12.321,"S",1],[-425.833,-2.72,-1395.984,-0.638,0,-0.77,0,1,0,0.77,0,-0.638,-10.208,53.727,12.321,5,"J"],[-426.003,-1.858,-1395.779,-0.706,0,-0.708,0,1,0,0.708,0,-0.706,-10.208,50.457,12.321,"S","J"],[-426.173,-1.052,-1395.573,-0.731,0,-0.682,0,1,0,0.682,0,-0.731,-10.208,47.187,12.321,"S","J"],[-426.343,-0.299,-1395.368,-0.734,0,-0.679,0,1,0,0.679,0,-0.734,-10.208,43.917,12.321,"S","J"],[-426.514,0.399,-1395.162,-0.735,0,-0.679,0,1,0,0.679,0,-0.735,-10.208,40.647,12.321,"S","J"],[-426.684,1.042,-1394.957,-0.735,0,-0.678,0,1,0,0.678,0,-0.735,-10.208,37.377,12.321,"S","J"],[-426.854,1.631,-1394.751,-0.735,0,-0.678,0,1,0,0.678,0,-0.735,-10.208,34.107,12.321,"S","J"],[-427.024,2.165,-1394.545,-0.735,0,-0.678,0,1,0,0.678,0,-0.735,-10.208,30.837,12.321,"S","J"],[-427.194,2.645,-1394.34,-0.735,0,-0.678,0,1,0,0.678,0,-0.735,-10.208,27.567,12.321,"S","J"],[-427.364,3.071,-1394.134,-0.735,0,-0.678,0,1,0,0.678,0,-0.735,-10.208,24.297,12.321,"S","J"],[-427.535,3.442,-1393.929,-0.735,0,-0.678,0,1,0,0.678,0,-0.735,-10.208,21.027,12.321,"S","J"],[-427.705,3.758,-1393.723,-0.735,0,-0.678,0,1,0,0.678,0,-0.735,-10.208,17.757,12.321,"S","J"],[-427.875,4.02,-1393.518,-0.735,0,-0.678,0,1,0,0.678,0,-0.735,-10.208,14.487,12.321,"S","J"],[-428.045,4.227,-1393.312,-0.735,0,-0.678,0,1,0,0.678,0,-0.735,-10.208,11.217,12.321,"S","J"],[-428.215,4.38,-1393.106,-0.735,0,-0.678,0,1,0,0.678,0,-0.735,-10.208,7.947,12.321,"S","J"],[-428.385,4.479,-1392.901,-0.735,0,-0.678,0,1,0,0.678,0,-0.735,-10.208,4.677,12.321,"S","J"],[-428.556,4.522,-1392.695,-0.735,0,-0.678,0,1,0,0.678,0,-0.735,-10.208,1.407,12.321,"S","J"],[-428.726,4.512,-1392.49,-0.735,0,-0.678,0,1,0,0.678,0,-0.735,-10.208,-1.863,12.321,"S","J"],[-428.896,4.447,-1392.284,-0.735,0,-0.678,0,1,0,0.678,0,-0.735,-10.208,-5.133,12.321,"S","J"],[-429.066,4.327,-1392.079,-0.735,0,-0.678,0,1,0,0.678,0,-0.735,-10.208,-8.403,12.321,"S","J"],[-429.236,4.153,-1391.873,-0.735,0,-0.678,0,1,0,0.678,0,-0.735,-10.208,-11.673,12.321,"S","J"],["s","v","S",0],[-429.408,3.924,-1391.669,-0.744,0,-0.668,0,1,0,0.668,0,-0.744,-10.317,-14.943,12.23,"S","J"],[-429.581,3.641,-1391.466,-0.747,0,-0.665,0,1,0,0.665,0,-0.747,-10.373,-18.213,12.182,"S","J"],[-429.754,3.304,-1391.264,-0.75,0,-0.662,0,1,0,0.662,0,-0.75,-10.428,-21.483,12.135,"S","J"],[-429.973,2.805,-1391.011,-0.774,0,-0.633,0,1,0,0.633,0,-0.774,-10.484,-25.57,12.087,"S","J"],[-430.104,2.465,-1390.861,-0.734,0,-0.68,0,1,0,0.68,0,-0.734,-10.536,-28.023,12.041,"S","J"],[-430.281,1.964,-1390.661,-0.756,0,-0.655,0,1,0,0.655,0,-0.756,-10.593,-31.293,11.992,"S","J"],[-430.457,1.408,-1390.461,-0.759,0,-0.651,0,1,0,0.651,0,-0.759,-10.594,-34.563,11.991,"S","J"],[-430.635,0.798,-1390.262,-0.762,0,-0.648,0,1,0,0.648,0,-0.762,-10.647,-37.833,11.943,"S","J"],[-430.813,0.134,-1390.064,-0.77,0,-0.637,0,1,0,0.637,0,-0.77,-10.701,-41.103,11.895,"S","J"],[-430.993,-0.585,-1389.867,-0.785,0,-0.62,0,1,0,0.62,0,-0.785,-10.86,-44.373,11.75,"S","J"],[-431.178,-0.548,-1389.675,-0.736,0,-0.676,0,1,0,0.676,0,-0.736,-11.121,13.991,11.503,7,"J"],["s","v",8,"J"],[-431.382,-0.284,-1389.504,-0.778,0,-0.628,0,1,0,0.628,0,-0.778,-12.422,14.707,10.08,"S","J"],[-431.59,-0.113,-1389.336,-0.781,0,-0.625,0,1,0,0.625,0,-0.781,-12.448,8.073,10.052,"S","J"],[-431.798,-0.004,-1389.17,-0.789,0,-0.614,0,1,0,0.614,0,-0.789,-12.493,5.462,9.996,"S","J"],[-432.008,0.061,-1389.006,-0.803,0,-0.596,0,1,0,0.596,0,-0.803,-12.626,3.143,9.827,"S","J"],["s","v","S","J"],[-432.231,0.081,-1388.86,-0.861,0,-0.509,0,1,0,0.509,0,-0.861,-13.705,0.259,8.243,"S","J"],[-432.461,0.101,-1388.725,-0.861,0,-0.509,0,1,0,0.509,0,-0.861,-13.771,1.295,8.146,"S","J"],[-432.69,0.119,-1388.589,-0.861,0,-0.509,0,1,0,0.509,0,-0.861,-13.772,0.888,8.145,"S","J"],[-432.92,0.121,-1388.453,-0.861,0,-0.509,0,1,0,0.509,0,-0.861,-13.772,0.018,8.145,"S","J"],[-433.092,0.121,-1388.351,-0.861,0,-0.509,0,1,0,0.509,0,-0.861,-13.772,0.001,8.145,"S","J"],[-433.379,0.121,-1388.182,-0.861,0,-0.509,0,1,0,0.509,0,-0.861,-13.772,0,8.145,"S",1],[-433.608,0.994,-1388.046,-0.861,0,-0.509,0,1,0,0.509,0,-0.861,-13.772,51.365,8.145,3,"J"],[-433.838,1.816,-1387.91,-0.904,0,-0.428,0,1,0,0.428,0,-0.904,-13.772,48.095,8.145,5,"J"],[-434.067,2.583,-1387.774,-0.919,0,-0.395,0,1,0,0.395,0,-0.919,-13.772,44.825,8.145,"S","J"],[-434.283,3.296,-1387.619,-0.852,0,-0.524,0,1,0,0.524,0,-0.852,-12.533,41.555,9.922,"S","J"],[-434.49,3.955,-1387.451,-0.852,0,-0.523,0,1,0,0.523,0,-0.852,-12.405,38.285,10.104,"S","J"],[-434.697,4.559,-1387.282,-0.852,0,-0.523,0,1,0,0.523,0,-0.852,-12.403,35.015,10.108,"S","J"],[-434.903,5.109,-1387.114,-0.852,0,-0.523,0,1,0,0.523,0,-0.852,-12.403,31.745,10.108,"S","J"],[-435.11,5.604,-1386.946,-0.852,0,-0.523,0,1,0,0.523,0,-0.852,-12.403,28.475,10.108,"S","J"],[-435.317,6.044,-1386.777,-0.852,0,-0.523,0,1,0,0.523,0,-0.852,-12.403,25.205,10.108,"S","J"],[-435.523,6.43,-1386.609,-0.852,0,-0.523,0,1,0,0.523,0,-0.852,-12.403,21.935,10.108,"S","J"],[-435.73,6.762,-1386.44,-0.852,0,-0.523,0,1,0,0.523,0,-0.852,-12.403,18.665,10.108,"S","J"],[-435.937,7.039,-1386.272,-0.845,0,-0.535,0,1,0,0.535,0,-0.845,-12.403,15.395,10.108,"S","J"],[-436.141,7.261,-1386.101,-0.83,0,-0.558,0,1,0,0.558,0,-0.83,-12.267,12.125,10.273,"S","J"],[-436.342,7.429,-1385.925,-0.823,0,-0.569,0,1,0,0.569,0,-0.823,-11.985,8.855,10.599,"S","J"],[-436.539,7.543,-1385.746,-0.815,0,-0.58,0,1,0,0.58,0,-0.815,-11.837,5.585,10.765,"S","J"],[-436.734,7.602,-1385.564,-0.809,0,-0.587,0,1,0,0.587,0,-0.809,-11.69,2.315,10.925,"S","J"],[-436.928,7.606,-1385.381,-0.807,0,-0.591,0,1,0,0.591,0,-0.807,-11.589,-0.955,11.032,"S","J"],[-437.12,7.556,-1385.196,-0.801,0,-0.598,0,1,0,0.598,0,-0.801,-11.538,-4.225,11.085,"S","J"],[-437.311,7.452,-1385.01,-0.796,0,-0.605,0,1,0,0.605,0,-0.796,-11.438,-7.495,11.188,"S","J"],[-437.5,7.293,-1384.822,-0.785,0,-0.62,0,1,0,0.62,0,-0.785,-11.336,-10.765,11.292,"S","J"],[-437.686,7.079,-1384.631,-0.779,0,-0.627,0,1,0,0.627,0,-0.779,-11.131,-14.035,11.494,"S","J"],[-437.87,6.811,-1384.438,-0.77,0,-0.637,0,1,0,0.637,0,-0.77,-11.024,-17.305,11.596,"S","J"],[-438.052,6.489,-1384.242,-0.77,0,-0.637,0,1,0,0.637,0,-0.77,-10.866,-20.575,11.744,"S","J"],[-438.233,6.112,-1384.047,-0.77,0,-0.637,0,1,0,0.637,0,-0.77,-10.863,-23.845,11.747,"S","J"],[-438.414,5.68,-1383.851,-0.77,0,-0.637,0,1,0,0.637,0,-0.77,-10.863,-27.115,11.747,"S","J"],[-438.595,5.194,-1383.655,-0.77,0,-0.637,0,1,0,0.637,0,-0.77,-10.863,-30.385,11.747,"S","J"],[-438.776,4.654,-1383.459,-0.77,0,-0.637,0,1,0,0.637,0,-0.77,-10.863,-33.655,11.747,"S","J"],[-438.957,4.059,-1383.263,-0.77,0,-0.637,0,1,0,0.637,0,-0.77,-10.863,-36.925,11.747,"S","J"],[-439.137,3.409,-1383.067,-0.768,0,-0.641,0,1,0,0.641,0,-0.768,-10.811,-40.195,11.795,"S","J"],[-439.317,2.706,-1382.87,-0.768,0,-0.641,0,1,0,0.641,0,-0.768,-10.81,-43.465,11.796,"S","J"],[-439.497,1.947,-1382.673,-0.768,0,-0.641,0,1,0,0.641,0,-0.768,-10.81,-46.735,11.796,"S","J"],[-439.678,1.833,-1382.476,-0.701,0,-0.713,0,1,0,0.713,0,-0.701,-10.81,-0.924,11.796,7,"J"],[-439.858,1.83,-1382.28,-0.677,0,-0.736,0,1,0,0.736,0,-0.677,-10.81,-0.018,11.796,"S","J"],[-440.038,1.73,-1382.083,-0.676,0,-0.737,0,1,0,0.737,0,-0.676,-10.81,-7.702,11.796,8,"J"],[-440.218,2.593,-1381.886,-0.676,0,-0.737,0,1,0,0.737,0,-0.676,-10.81,50.547,11.796,3,"J"],[-440.398,3.401,-1381.689,-0.741,0,-0.672,0,1,0,0.672,0,-0.741,-10.81,47.277,11.796,5,"J"],[-440.578,4.155,-1381.493,-0.765,0,-0.645,0,1,0,0.645,0,-0.765,-10.81,44.007,11.796,"S","J"],[-440.759,4.854,-1381.296,-0.767,0,-0.641,0,1,0,0.641,0,-0.767,-10.81,40.737,11.796,"S","J"],[-440.939,5.499,-1381.099,-0.768,0,-0.641,0,1,0,0.641,0,-0.768,-10.81,37.467,11.796,"S","J"],[-441.119,6.09,-1380.902,-0.768,0,-0.641,0,1,0,0.641,0,-0.768,-10.81,34.197,11.796,"S","J"],[-441.28,6.625,-1380.691,-0.66,0,-0.751,0,1,0,0.751,0,-0.66,-9.107,30.927,13.136,"S","J"],[-441.429,7.107,-1380.469,-0.66,0,-0.751,0,1,0,0.751,0,-0.66,-8.873,27.657,13.314,"S","J"],[-441.577,7.534,-1380.247,-0.657,0,-0.754,0,1,0,0.754,0,-0.657,-8.868,24.387,13.317,"S","J"],[-441.724,7.906,-1380.025,-0.65,0,-0.76,0,1,0,0.76,0,-0.65,-8.809,21.117,13.357,"S","J"],[-441.869,8.224,-1379.801,-0.643,0,-0.766,0,1,0,0.766,0,-0.643,-8.689,17.847,13.435,"S","J"],[-442.012,8.487,-1379.576,-0.632,0,-0.775,0,1,0,0.775,0,-0.632,-8.566,14.577,13.514,"S","J"],["s","v","S",0],[-442.164,8.696,-1379.357,-0.632,0,-0.775,0,1,0,0.775,0,-0.632,-9.215,11.307,13.08,"S","J"],[-442.313,8.851,-1379.136,-0.646,0,-0.763,0,1,0,0.763,0,-0.646,-8.934,8.037,13.273,"S","J"],[-442.459,8.951,-1378.913,-0.639,0,-0.769,0,1,0,0.769,0,-0.639,-8.691,4.767,13.434,"S","J"],[-442.601,8.996,-1378.687,-0.632,0,-0.775,0,1,0,0.775,0,-0.632,-8.506,1.497,13.551,"S","J"],[-442.741,8.987,-1378.46,-0.629,0,-0.778,0,1,0,0.778,0,-0.629,-8.382,-1.773,13.629,"S","J"],[-442.88,8.923,-1378.232,-0.625,0,-0.78,0,1,0,0.78,0,-0.625,-8.318,-5.043,13.668,"S","J"],[-443.017,8.805,-1378.004,-0.622,0,-0.783,0,1,0,0.783,0,-0.622,-8.256,-8.313,13.705,"S","J"],[-443.154,8.633,-1377.775,-0.618,0,-0.786,0,1,0,0.786,0,-0.618,-8.194,-11.583,13.743,"S","J"],[-443.29,8.405,-1377.546,-0.615,0,-0.789,0,1,0,0.789,0,-0.615,-8.132,-14.853,13.78,"S","J"],[-443.536,7.788,-1377.076,-0.354,0,-0.935,0,1,0,0.935,0,-0.354,-5.859,-21.393,14.708,"S","J"],[-443.595,7.5,-1376.888,-0.129,0,-0.992,0,1,0,0.992,0,-0.129,-4.127,-23.845,15.151,"S","J"],[-443.639,7.068,-1376.633,0.023,0,-1,0,1,0,1,0,0.023,-1.759,-27.115,15.424,"S","J"],[-443.643,6.582,-1376.376,0.154,0,-0.988,0,1,0,0.988,0,0.154,0.624,-30.385,15.392,"S","J"],[-443.608,6.042,-1376.123,0.261,0,-0.965,0,1,0,0.965,0,0.261,2.993,-33.655,15.129,"S","J"],[-443.547,5.447,-1375.893,0.43,0,-0.903,0,1,0,0.903,0,0.43,4.07,-36.925,13.003,"S","J"],[-443.469,4.798,-1375.698,0.484,0,-0.875,0,1,0,0.875,0,0.484,5.087,-40.195,10.848,"S","J"],[-443.363,4.094,-1375.531,0.424,0,-0.906,0,1,0,0.906,0,0.424,7.103,-43.465,9.576,"S","J"],[-443.259,3.335,-1375.391,0.464,0,-0.886,0,1,0,0.886,0,0.464,5.683,-46.735,7.662,"S","J"],[-443.154,2.522,-1375.286,0.551,0,-0.834,0,1,0,0.834,0,0.551,6.689,-50.005,5.501,"S","J"],[-443.032,1.655,-1375.217,0.565,0,-0.825,0,1,0,0.825,0,0.565,7.67,-53.275,3.329,"S","J"],[-442.895,0.733,-1375.184,0.588,0,-0.809,0,1,0,0.809,0,0.588,8.581,-56.545,1.127,"S","J"],["s","v",12,1],[-443.878,0.95,-1374.299,0.596,0,-0.803,0,1,0,0.803,0,0.596,-47.175,8.804,42.512,3,"J"],[-444.646,1.063,-1373.607,0.596,0,-0.803,0,1,0,0.803,0,0.596,-45.404,5.534,40.917,5,"J"],[-445.202,1.112,-1373.105,0.596,0,-0.803,0,1,0,0.803,0,0.596,-44.076,3.082,39.72,"S","J"],[-446.093,1.125,-1372.303,0.596,0,-0.803,0,1,0,0.803,0,0.596,-41.863,-1.006,37.726,"S","J"],[-446.772,1.074,-1371.691,0.596,0,-0.803,0,1,0,0.803,0,0.596,-40.093,-4.276,36.13,"S","J"],[-447.422,0.968,-1371.105,0.596,0,-0.803,0,1,0,0.803,0,0.596,-38.322,-7.546,34.535,"S","J"],[-447.89,0.854,-1370.683,0.596,0,-0.803,0,1,0,0.803,0,0.596,-36.994,-9.998,33.338,"S","J"],[-448.633,0.594,-1370.014,0.596,0,-0.803,0,1,0,0.803,0,0.596,-34.781,-14.086,31.343,"S","J"],[-449.19,0.326,-1369.502,-0.267,0,-0.964,0,1,0,0.964,0,-0.267,-32.634,-17.356,30.31,"S",0],[-449.713,0.002,-1369.009,-0.517,0,-0.856,0,1,0,0.856,0,-0.517,-30.574,-20.626,29.111,"S","J"],["s","v","S","J"],[-450.084,-0.276,-1368.656,-0.692,0,-0.722,0,1,0,0.722,0,-0.692,-29.28,-23.078,27.878,"S","J"],[-450.577,-0.808,-1368.186,-0.668,0,-0.744,0,1,0,0.744,0,-0.668,-19.955,-27.166,19,8,"J"],["s","v","S",1],[-450.993,0.276,-1367.79,-0.609,0,-0.793,0,1,0,0.793,0,-0.609,-19.955,50.547,19,3,"J"],[-451.305,1.084,-1367.486,-0.689,0,-0.725,0,1,0,0.725,0,-0.689,-17.927,47.277,17.747,5,"J"],[-451.516,1.655,-1367.272,-0.698,0,-0.716,0,1,0,0.716,0,-0.698,-16.427,44.825,16.775,"S","J"],[-451.827,2.537,-1366.943,-0.756,0,-0.655,0,1,0,0.655,0,-0.756,-13.956,40.737,15.111,"S","J"],[-452.04,3.182,-1366.706,-0.737,0,-0.676,0,1,0,0.676,0,-0.737,-12.04,37.467,13.693,"S","J"],[-452.179,3.63,-1366.544,-0.717,0,-0.697,0,1,0,0.697,0,-0.717,-10.637,35.015,12.585,"S","J"],[-452.394,4.309,-1366.289,-0.762,0,-0.647,0,1,0,0.647,0,-0.762,-10.312,30.927,12.239,"S","J"],[-452.566,4.79,-1366.085,-0.74,0,-0.672,0,1,0,0.672,0,-0.74,-10.309,27.657,12.236,"S","J"],[-452.695,5.115,-1365.932,-0.717,0,-0.697,0,1,0,0.697,0,-0.717,-10.309,25.205,12.236,"S","J"],["s","v","S",0],[-452.851,5.501,-1365.747,-0.733,0,-0.68,0,1,0,0.68,0,-0.733,-8.774,21.935,10.413,"S","J"],[-452.981,5.833,-1365.592,-0.708,0,-0.706,0,1,0,0.706,0,-0.708,-7.238,18.665,8.591,"S","J"],[-453.086,6.11,-1365.468,-0.705,0,-0.709,0,1,0,0.709,0,-0.705,-5.702,15.395,6.768,"S","J"],[-453.165,6.332,-1365.374,-0.705,0,-0.71,0,1,0,0.71,0,-0.705,-4.167,12.125,4.945,"S","J"],[-453.218,6.5,-1365.311,-0.705,0,-0.71,0,1,0,0.71,0,-0.705,-2.631,8.855,3.123,"S","J"],[-453.246,6.614,-1365.278,-0.705,0,-0.71,0,1,0,0.71,0,-0.705,-1.095,5.585,1.3,"S","J"],[-453.251,6.673,-1365.272,-0.705,0,-0.71,0,1,0,0.71,0,-0.705,-0.046,2.315,0.055,"S","J"],[-453.251,6.677,-1365.271,-0.705,0,-0.71,0,1,0,0.71,0,-0.705,-0.001,-0.955,0.001,"S","J"],[-453.251,6.627,-1365.271,-0.705,0,-0.71,0,1,0,0.71,0,-0.705,0,-4.225,0,"S","J"],[-453.251,6.523,-1365.271,-0.705,0,-0.71,0,1,0,0.71,0,-0.705,0,-7.495,0,"S","J"],[-453.251,6.364,-1365.271,-0.705,0,-0.71,0,1,0,0.71,0,-0.705,0,-10.765,0,"S","J"],[-453.251,6.151,-1365.271,-0.705,0,-0.71,0,1,0,0.71,0,-0.705,0,-14.035,0,"S","J"],[-453.251,5.883,-1365.271,-0.705,0,-0.71,0,1,0,0.71,0,-0.705,0,-17.305,0,"S","J"],[-453.251,5.56,-1365.271,-0.705,0,-0.71,0,1,0,0.71,0,-0.705,0,-20.575,0,"S","J"],["s","v","S","J"],[-453.268,5.183,-1365.253,-0.749,0,-0.662,0,1,0,0.662,0,-0.749,-1.633,-23.845,1.736,"S","J"],[-453.313,4.752,-1365.206,-0.773,0,-0.635,0,1,0,0.635,0,-0.773,-3.265,-27.115,3.473,"S","J"],[-453.384,4.266,-1365.13,-0.775,0,-0.631,0,1,0,0.631,0,-0.775,-4.898,-30.385,5.209,"S","J"],["s","v","S","J"],[-453.484,3.725,-1365.027,-0.801,0,-0.599,0,1,0,0.599,0,-0.801,-6.641,-33.655,6.835,"S","J"],[-453.613,3.13,-1364.896,-0.801,0,-0.599,0,1,0,0.599,0,-0.801,-8.402,-36.925,8.441,"S","J"],[-453.771,2.481,-1364.739,-0.801,0,-0.599,0,1,0,0.599,0,-0.801,-10.163,-40.195,10.047,"S","J"],[-453.956,1.777,-1364.557,-0.801,0,-0.599,0,1,0,0.599,0,-0.801,-11.373,-43.465,11.15,"S","J"],[-454.146,1.018,-1364.371,-0.801,0,-0.599,0,1,0,0.599,0,-0.801,-11.426,-46.735,11.199,"S","J"],[-454.337,0.205,-1364.184,-0.801,0,-0.599,0,1,0,0.599,0,-0.801,-11.427,-50.005,11.2,"S","J"],[-454.527,0.246,-1363.998,-0.738,0,-0.674,0,1,0,0.674,0,-0.738,-11.411,15.583,11.184,7,"J"],[-454.717,0.472,-1363.811,-0.712,0,-0.703,0,1,0,0.703,0,-0.712,-11.411,12.313,11.184,"S","J"],[-454.889,0.643,-1363.642,-0.713,0,-0.702,0,1,0,0.702,0,-0.713,-9.708,9.043,9.515,8,"J"],[-455.075,0.764,-1363.461,-0.714,0,-0.7,0,1,0,0.7,0,-0.714,-11.319,6.282,11.094,"S","J"],[-455.264,0.835,-1363.275,-0.711,0,-0.703,0,1,0,0.703,0,-0.711,-11.351,3.012,11.125,"S","J"],[-455.453,0.869,-1363.09,-0.708,0,-0.706,0,1,0,0.706,0,-0.708,-11.351,1.861,11.125,"S","J"],[-455.639,0.94,-1362.905,-0.705,0,-0.71,0,1,0,0.71,0,-0.705,-11.134,4.739,11.108,"S","J"],[-455.825,0.995,-1362.719,-0.701,0,-0.713,0,1,0,0.713,0,-0.701,-11.129,3.011,11.108,"S","J"],[-456.01,1.045,-1362.534,-0.701,0,-0.713,0,1,0,0.713,0,-0.701,-11.129,2.961,11.108,"S","J"],[-456.195,1.094,-1362.349,-0.698,0,-0.716,0,1,0,0.716,0,-0.698,-11.129,2.96,11.108,"S","J"],[-456.381,1.143,-1362.164,-0.698,0,-0.716,0,1,0,0.716,0,-0.698,-11.129,2.96,11.108,"S",1],[-456.566,2.052,-1361.979,-0.698,0,-0.716,0,1,0,0.716,0,-0.698,-11.129,53.485,11.108,5,"J"],[-456.752,2.909,-1361.789,-0.761,0,-0.649,0,1,0,0.649,0,-0.761,-11.169,50.215,11.449,"S","J"],[-456.939,3.712,-1361.598,-0.784,0,-0.621,0,1,0,0.621,0,-0.784,-11.17,46.945,11.456,"S","J"],[-457.125,4.46,-1361.407,-0.787,0,-0.617,0,1,0,0.617,0,-0.787,-11.17,43.675,11.456,"S","J"],[-457.311,5.154,-1361.216,-0.787,0,-0.617,0,1,0,0.617,0,-0.787,-11.17,40.405,11.456,"S","J"],[-457.497,5.794,-1361.026,-0.787,0,-0.617,0,1,0,0.617,0,-0.787,-11.17,37.135,11.456,"S","J"],[-457.683,6.378,-1360.835,-0.787,0,-0.617,0,1,0,0.617,0,-0.787,-11.17,33.865,11.456,"S","J"],[-457.869,6.909,-1360.644,-0.787,0,-0.617,0,1,0,0.617,0,-0.787,-11.17,30.595,11.456,"S","J"],[-458.055,7.385,-1360.453,-0.787,0,-0.617,0,1,0,0.617,0,-0.787,-11.17,27.325,11.456,"S","J"],[-458.242,7.806,-1360.262,-0.787,0,-0.617,0,1,0,0.617,0,-0.787,-11.17,24.055,11.456,"S","J"],[-458.428,8.173,-1360.071,-0.787,0,-0.617,0,1,0,0.617,0,-0.787,-11.17,20.785,11.456,"S","J"],[-458.614,8.485,-1359.88,-0.787,0,-0.617,0,1,0,0.617,0,-0.787,-11.17,17.515,11.456,"S","J"],[-458.8,8.743,-1359.689,-0.787,0,-0.617,0,1,0,0.617,0,-0.787,-11.17,14.245,11.456,"S","J"],[-458.986,8.946,-1359.498,-0.787,0,-0.617,0,1,0,0.617,0,-0.787,-11.17,10.975,11.456,"S","J"],[-459.172,9.095,-1359.307,-0.787,0,-0.617,0,1,0,0.617,0,-0.787,-11.17,7.705,11.456,"S","J"],[-459.359,9.19,-1359.116,-0.787,0,-0.617,0,1,0,0.617,0,-0.787,-11.17,4.435,11.456,"S","J"],[-459.545,9.23,-1358.925,-0.787,0,-0.617,0,1,0,0.617,0,-0.787,-11.17,1.165,11.456,"S","J"],[-459.731,9.215,-1358.734,-0.787,0,-0.617,0,1,0,0.617,0,-0.787,-11.17,-2.105,11.456,"S","J"],[-459.917,9.146,-1358.544,-0.784,0,-0.62,0,1,0,0.62,0,-0.784,-11.17,-5.375,11.456,"S","J"],[-460.102,9.022,-1358.352,-0.776,0,-0.631,0,1,0,0.631,0,-0.776,-11.119,-8.645,11.505,"S","J"],[-460.286,8.844,-1358.158,-0.77,0,-0.638,0,1,0,0.638,0,-0.77,-10.963,-11.915,11.654,"S","J"],[-460.467,8.611,-1357.962,-0.764,0,-0.645,0,1,0,0.645,0,-0.764,-10.856,-15.185,11.754,"S","J"],[-460.646,8.324,-1357.765,-0.761,0,-0.649,0,1,0,0.649,0,-0.761,-10.749,-18.455,11.852,"S","J"],[-460.826,7.982,-1357.568,-0.737,0,-0.676,0,1,0,0.676,0,-0.737,-10.799,-21.725,11.806,"S",0],[-460.993,7.586,-1357.36,-0.709,0,-0.705,0,1,0,0.705,0,-0.709,-9.83,-24.995,12.623,"S","J"],[-461.141,7.136,-1357.169,-0.644,0,-0.765,0,1,0,0.765,0,-0.644,-8.365,-28.265,10.742,"S","J"],[-461.295,6.631,-1356.971,-0.686,0,-0.728,0,1,0,0.728,0,-0.686,-9.666,-31.535,12.468,"S","J"],[-461.458,6.071,-1356.761,-0.709,0,-0.705,0,1,0,0.705,0,-0.709,-9.798,-34.805,12.643,"S","J"],[-461.622,5.457,-1356.55,-0.712,0,-0.702,0,1,0,0.702,0,-0.712,-9.801,-38.075,12.647,"S","J"],[-461.785,4.788,-1356.339,-0.712,0,-0.702,0,1,0,0.702,0,-0.712,-9.801,-41.345,12.647,"S","J"],[-461.933,4.065,-1356.148,-0.652,0,-0.759,0,1,0,0.759,0,-0.652,-8.341,-44.615,10.763,"S","J"],[-462.089,3.287,-1355.952,-0.702,0,-0.712,0,1,0,0.712,0,-0.702,-9.917,-47.885,12.261,"S","J"],[-462.257,2.455,-1355.745,-0.725,0,-0.689,0,1,0,0.689,0,-0.725,-10.082,-51.155,12.418,"S","J"],[-462.425,1.569,-1355.538,-0.728,0,-0.686,0,1,0,0.686,0,-0.728,-10.085,-54.425,12.421,"S","J"],[-462.593,1.159,-1355.331,-0.65,0,-0.76,0,1,0,0.76,0,-0.65,-10.085,-2.762,12.421,8,"J"],[-462.76,1.245,-1355.123,-0.625,0,-0.781,0,1,0,0.781,0,-0.625,-9.975,6.653,12.51,"S","J"],["s","v","S","J"],[-462.927,1.34,-1354.915,-0.627,0,-0.779,0,1,0,0.779,0,-0.627,-10.028,4.914,12.468,"S","J"],[-463.094,1.4,-1354.707,-0.627,0,-0.779,0,1,0,0.779,0,-0.627,-10.029,2.877,12.467,"S","J"],[-463.261,1.434,-1354.499,-0.627,0,-0.779,0,1,0,0.779,0,-0.627,-10.029,1.6,12.467,"S","J"],[-463.428,1.452,-1354.291,-0.627,0,-0.779,0,1,0,0.779,0,-0.627,-10.029,0.878,12.467,"S","J"],[-463.595,1.462,-1354.083,-0.627,0,-0.779,0,1,0,0.779,0,-0.627,-10.029,0.48,12.467,"S","J"],[-463.762,1.476,-1353.875,-0.627,0,-0.779,0,1,0,0.779,0,-0.627,-10.029,0.833,12.467,"S","J"],[-463.93,1.495,-1353.667,-0.627,0,-0.779,0,1,0,0.779,0,-0.627,-10.029,1.116,12.467,"S","J"],[-464.097,1.502,-1353.459,-0.627,0,-0.779,0,1,0,0.779,0,-0.627,-10.029,0.142,12.467,"S","J"],[-464.264,1.502,-1353.251,-0.627,0,-0.779,0,1,0,0.779,0,-0.627,-10.029,0.006,12.467,"S","J"],[-464.431,1.502,-1353.043,-0.627,0,-0.779,0,1,0,0.779,0,-0.627,-10.029,0.003,12.467,"S","J"],[-464.598,1.502,-1352.835,-0.627,0,-0.779,0,1,0,0.779,0,-0.627,-10.029,0.003,12.467,"S","J"],[-464.765,1.502,-1352.627,-0.627,0,-0.779,0,1,0,0.779,0,-0.627,-10.029,0.003,12.467,"S","J"],[-464.932,1.502,-1352.419,-0.627,0,-0.779,0,1,0,0.779,0,-0.627,"v","S","J"],[-465.099,1.502,-1352.211,-0.627,0,-0.779,0,1,0,0.779,0,-0.627,"v","S","J"],[-465.266,1.502,-1352.003,-0.627,0,-0.779,0,1,0,0.779,0,-0.627,"v","S","J"],[-465.434,1.502,-1351.795,-0.627,0,-0.779,0,1,0,0.779,0,-0.627,"v","S","J"],[-465.601,1.502,-1351.587,-0.627,0,-0.779,0,1,0,0.779,0,-0.627,-10.029,0.003,12.467,"S","J"],[-465.768,1.502,-1351.379,-0.627,0,-0.779,0,1,0,0.779,0,-0.627,-10.029,0.003,12.467,"S","J"],[-465.935,1.503,-1351.171,-0.627,0,-0.779,0,1,0,0.779,0,-0.627,"v","S","J"],[-466.144,1.503,-1350.911,-0.627,0,-0.779,0,1,0,0.779,0,-0.627,"v","S","J"],[-466.311,1.503,-1350.703,-0.627,0,-0.779,0,1,0,0.779,0,-0.627,"v","S","J"],[-466.472,1.503,-1350.49,-0.602,0,-0.799,0,1,0,0.799,0,-0.602,-9.636,0,12.773,"S","J"],[-466.633,1.503,-1350.278,-0.602,0,-0.799,0,1,0,0.799,0,-0.602,-9.628,0,12.779,"S","J"],[-466.793,1.503,-1350.065,-0.602,0,-0.799,0,1,0,0.799,0,-0.602,-9.628,0,12.779,"S","J"],[-466.954,1.503,-1349.852,-0.602,0,-0.799,0,1,0,0.799,0,-0.602,-9.628,0,12.779,"S","J"],[-467.155,1.503,-1349.586,-0.602,0,-0.799,0,1,0,0.799,0,-0.602,"v","S","J"],[-467.275,1.503,-1349.426,-0.602,0,-0.799,0,1,0,0.799,0,-0.602,"v","S","J"],[-467.435,1.503,-1349.213,-0.602,0,-0.799,0,1,0,0.799,0,-0.602,"v","S","J"],[-467.596,1.503,-1349,-0.602,0,-0.799,0,1,0,0.799,0,-0.602,"v","S","J"],[-467.757,1.503,-1348.787,-0.602,0,-0.799,0,1,0,0.799,0,-0.602,-9.628,0.004,12.779,"S","J"],[-467.917,1.503,-1348.574,-0.602,0,-0.799,0,1,0,0.799,0,-0.602,-9.628,0,12.779,"S","J"],[-468.078,1.503,-1348.362,-0.602,0,-0.799,0,1,0,0.799,0,-0.602,-9.628,0,12.779,"S","J"],[-468.238,1.503,-1348.149,-0.602,0,-0.799,0,1,0,0.799,0,-0.602,-9.628,0.004,12.779,"S","J"],[-468.399,1.503,-1347.936,-0.602,0,-0.799,0,1,0,0.799,0,-0.602,-9.628,0.004,12.779,"S","J"],[-468.559,1.503,-1347.723,-0.602,0,-0.799,0,1,0,0.799,0,-0.602,-9.628,0.004,12.779,"S","J"],[-468.72,1.503,-1347.51,-0.602,0,-0.799,0,1,0,0.799,0,-0.602,"v","S","J"],[-468.88,1.503,-1347.297,-0.602,0,-0.799,0,1,0,0.799,0,-0.602,"v","S","J"],[-469.041,1.503,-1347.084,-0.602,0,-0.799,0,1,0,0.799,0,-0.602,"v","S","J"],[-469.201,1.503,-1346.871,-0.602,0,-0.799,0,1,0,0.799,0,-0.602,"v","S","J"],[-469.362,1.469,-1346.658,-0.673,0,-0.74,0,1,0,0.74,0,-0.673,-9.628,-3.266,12.779,5,"J"],[-469.522,1.381,-1346.446,-0.699,0,-0.715,0,1,0,0.715,0,-0.699,-9.628,-6.536,12.779,"S","J"],[-469.683,1.238,-1346.233,-0.702,0,-0.712,0,1,0,0.712,0,-0.702,-9.628,-9.806,12.779,"S","J"],[-469.843,1.04,-1346.02,-0.702,0,-0.712,0,1,0,0.712,0,-0.702,-9.628,-13.076,12.779,"S","J"],[-470.004,0.788,-1345.807,-0.703,0,-0.712,0,1,0,0.712,0,-0.703,-9.628,-16.346,12.779,"S","J"],[-470.164,0.482,-1345.594,-0.703,0,-0.712,0,1,0,0.712,0,-0.703,-9.628,-19.616,12.779,"S","J"],[-470.325,0.121,-1345.381,-0.703,0,-0.712,0,1,0,0.712,0,-0.703,-9.628,-22.886,12.779,"S","J"],[-470.485,-0.295,-1345.168,-0.703,0,-0.712,0,1,0,0.712,0,-0.703,-9.628,-26.156,12.779,"S","J"],[-470.646,-0.765,-1344.955,-0.703,0,-0.712,0,1,0,0.712,0,-0.703,-9.628,-29.426,12.779,"S","J"],[-470.806,-1.289,-1344.742,-0.703,0,-0.712,0,1,0,0.712,0,-0.703,-9.628,-32.696,12.779,"S","J"],[-470.967,-1.868,-1344.53,-0.703,0,-0.712,0,1,0,0.712,0,-0.703,-9.628,-35.966,12.779,"S","J"],[-471.128,-2.502,-1344.317,-0.703,0,-0.712,0,1,0,0.712,0,-0.703,-9.628,-39.236,12.779,"S","J"],[-471.288,-3.19,-1344.104,-0.703,0,-0.712,0,1,0,0.712,0,-0.703,-9.628,-42.506,12.779,"S","J"],[-471.449,-3.932,-1343.891,-0.703,0,-0.712,0,1,0,0.712,0,-0.703,-9.628,-45.776,12.779,"S","J"],[-471.609,-4.729,-1343.678,-0.703,0,-0.712,0,1,0,0.712,0,-0.703,-9.628,-49.046,12.779,"S","J"],[-471.77,-5.581,-1343.465,-0.703,0,-0.712,0,1,0,0.712,0,-0.703,-9.628,-52.316,12.779,"S","J"],[-471.93,-6.487,-1343.252,-0.703,0,-0.712,0,1,0,0.712,0,-0.703,-9.628,-55.586,12.779,"S","J"],[-472.091,-7.447,-1343.039,-0.703,0,-0.712,0,1,0,0.712,0,-0.703,-9.628,-58.856,12.779,"S","J"],[-472.251,-8.462,-1342.826,-0.703,0,-0.712,0,1,0,0.712,0,-0.703,-9.628,-62.126,12.779,"S","J"],[-472.452,-9.808,-1342.56,-0.726,0,-0.688,0,1,0,0.688,0,-0.726,-9.628,-66.214,12.779,"S","J"],[-472.572,-10.656,-1342.401,-0.678,0,-0.735,0,1,0,0.735,0,-0.678,-9.628,-68.666,12.779,"S","J"],[-472.733,-11.834,-1342.188,-0.703,0,-0.712,0,1,0,0.712,0,-0.703,-9.628,-71.936,12.779,"S","J"],[-472.893,-13.067,-1341.975,-0.703,0,-0.712,0,1,0,0.712,0,-0.703,-9.628,-75.206,12.779,"S","J"],[-473.054,-14.355,-1341.762,-0.703,0,-0.712,0,1,0,0.712,0,-0.703,-9.628,-78.476,12.779,"S","J"],[-473.214,-15.697,-1341.549,-0.703,0,-0.712,0,1,0,0.712,0,-0.703,-9.628,-81.746,12.779,"S","J"],[-473.375,-15.897,-1341.336,-0.629,0,-0.777,0,1,0,0.777,0,-0.629,-9.628,-1.617,12.779,7,"J"],[-473.535,-15.901,-1341.123,-0.604,0,-0.797,0,1,0,0.797,0,-0.604,-9.628,-0.032,12.779,"S","J"],[-473.696,-16.002,-1340.91,-0.602,0,-0.799,0,1,0,0.799,0,-0.602,-9.628,-7.704,12.779,8,"J"],[-473.856,-16.164,-1340.698,-0.605,0,-0.796,0,1,0,0.796,0,-0.605,-9.628,-10.974,12.779,"S","J"],[-474.018,-16.381,-1340.485,-0.605,0,-0.796,0,1,0,0.796,0,-0.605,-9.685,-14.244,12.736,"S","J"],[-474.179,-16.653,-1340.273,-0.605,0,-0.796,0,1,0,0.796,0,-0.605,-9.686,-17.514,12.735,"S","J"],[-474.34,-16.689,-1340.06,-0.605,0,-0.796,0,1,0,0.796,0,-0.605,-9.686,0.733,12.735,"S","J"],[-474.502,-16.664,-1339.848,-0.605,0,-0.796,0,1,0,0.796,0,-0.605,-9.686,1.551,12.735,"S","J"]]
